Time (ms),dshot,Voltage (V),Current (A),RPM,Thrust (g)
3610,118,0.00,0.00,0,-2
3612,118,25.32,0.00,0,-2
3615,118,25.32,0.00,0,-2
3616,118,25.32,0.00,0,-2
3618,118,25.32,0.00,0,-2
3619,118,25.32,0.00,0,-2
3621,118,25.32,0.00,0,-2
3622,118,25.32,0.00,0,-2
3624,118,25.32,0.00,0,-2
3625,118,25.32,0.00,0,-2
3627,118,25.32,0.00,0,-2
3628,118,25.32,0.00,0,-2
3630,118,25.32,0.00,0,-2
3631,118,25.32,0.00,0,-2
3635,118,25.32,0.10,0,-2
3636,118,25.32,0.10,0,-1
3637,118,25.32,0.10,0,-1
3640,118,25.32,0.10,0,-1
3642,118,25.32,0.10,0,-1
3644,118,25.32,0.00,0,-1
3646,118,25.32,0.10,0,-1
3649,118,25.32,0.10,0,-2
3651,118,25.32,0.10,0,-2
3654,118,25.32,0.00,0,-2
3655,118,25.32,0.00,0,-2
3658,118,25.32,0.00,0,-2
3660,118,25.32,0.00,0,-2
3662,118,25.32,0.00,0,-2
3664,118,25.32,0.00,0,-2
3667,118,25.32,0.00,0,-2
3669,118,25.32,0.00,0,-2
3671,118,25.32,0.00,0,-3
3674,118,25.32,0.00,0,-3
3676,118,25.32,0.00,0,-3
3678,118,25.32,0.00,0,-3
3680,118,25.32,0.00,0,-3
3683,118,25.32,0.00,0,-2
3685,118,25.32,0.00,0,-2
3687,118,25.32,0.00,0,-2
3689,118,25.32,0.00,0,-2
3692,118,25.32,0.00,0,-2
3694,118,25.32,0.00,0,-2
3696,118,25.32,0.00,0,-2
3698,118,25.32,0.00,0,-2
3701,118,25.32,0.00,0,-2
3703,118,25.32,0.00,0,-2
3705,118,25.32,0.00,0,-2
3707,118,25.32,0.00,0,-2
3710,118,25.32,0.00,0,-2
3712,118,25.32,0.00,0,-2
3714,118,25.32,0.00,0,-2
3716,118,25.32,0.00,0,-2
3719,118,25.32,0.00,0,-2
3721,118,25.32,0.00,0,-2
3723,118,25.32,0.00,0,-2
3725,118,25.32,0.00,0,-2
3728,118,25.32,0.00,0,-2
3730,118,25.32,0.00,0,-2
3732,118,25.32,0.00,0,-2
3734,118,25.32,0.00,0,-2
3737,118,25.32,0.00,0,-2
3739,118,25.32,0.00,0,-2
3741,118,25.32,0.00,0,-2
3743,118,25.32,0.00,0,-2
3746,118,25.32,0.00,0,-2
3748,118,25.32,0.00,0,-2
3750,118,25.32,0.00,0,-2
3753,118,25.32,0.00,0,-2
3755,118,25.32,0.00,0,-2
3757,118,25.32,0.00,0,-2
3759,118,25.32,0.00,0,-2
3762,118,25.32,0.00,0,-2
3764,118,25.32,0.10,0,-3
3766,118,25.32,0.10,0,-3
3768,118,25.32,0.10,0,-3
3771,118,25.32,0.20,0,-3
3773,118,25.32,0.80,0,-3
3775,118,25.32,1.30,857,-3
3778,118,25.32,2.10,857,-3
3780,118,25.32,3.20,857,-3
3782,118,25.26,3.60,857,-3
3785,118,25.26,3.60,857,-3
3787,118,25.26,3.70,857,-3
3790,118,25.30,4.10,857,-3
3792,118,25.30,3.90,857,-3
3795,118,25.30,4.20,1257,-3
3797,118,25.25,4.90,1257,-3
3800,118,25.25,4.80,1257,-2
3802,118,25.29,4.80,1257,-2
3805,118,25.29,4.70,1257,-2
3807,118,25.30,4.70,1257,-2
3810,118,25.30,4.50,1900,-2
3812,118,25.30,4.60,1900,-2
3815,118,25.31,4.70,1900,-2
3817,118,25.31,4.60,1900,-2
3820,118,25.30,4.50,1900,-2
3822,118,25.31,4.40,1900,-2
3825,118,25.31,4.20,1900,-2
3827,118,25.31,4.40,1900,-2
3830,118,25.31,4.30,2171,-2
3832,118,25.31,4.20,2171,-2
3835,118,25.31,4.30,2171,-2
3837,118,25.31,4.20,2171,-2
3840,118,25.31,4.20,2171,-2
3842,118,25.31,3.80,2171,-2
3845,118,25.31,3.80,2171,-2
3847,118,25.31,3.80,2214,-3
3850,118,25.31,3.60,2214,-3
3852,118,25.31,3.40,2214,-3
3855,118,25.31,3.50,2214,-3
3858,118,25.31,3.50,2214,-2
3860,118,25.31,3.40,2214,-2
3862,118,25.32,3.30,2214,-2
3865,118,25.31,3.20,2242,-2
3868,118,25.31,3.10,2242,-2
3870,118,25.31,3.10,2242,-2
3873,118,25.31,3.00,2242,-2
3875,118,25.31,3.00,2242,-2
3878,118,25.31,2.90,2242,-2
3880,118,25.31,2.90,2242,-2
3883,118,25.32,3.00,2228,-2
3885,118,25.32,2.90,2228,-2
3888,118,25.31,2.80,2228,-2
3890,118,25.31,2.90,2228,-2
3893,118,25.31,2.80,2228,-2
3895,118,25.31,2.70,2228,-2
3898,118,25.31,2.80,2242,-2
3900,118,25.31,2.70,2242,-2
3903,118,25.31,2.90,2242,-2
3905,118,25.32,2.70,2242,-2
3908,118,25.32,2.70,2242,-2
3910,118,25.31,2.60,2242,-2
3913,118,25.32,2.60,2242,-2
3915,118,25.32,2.60,2257,-2
3918,118,25.31,2.60,2257,-2
3920,118,25.31,2.60,2257,-2
3923,118,25.31,2.70,2257,-2
3925,118,25.31,2.50,2257,-2
3928,118,25.32,2.50,2257,-1
3930,118,25.32,2.60,2257,-1
3936,118,25.31,2.50,2257,-1
3937,118,25.32,2.50,2257,-1
3939,118,25.32,2.40,2257,-2
3941,118,25.32,2.50,2257,-2
3943,118,25.31,2.60,2257,-2
3946,118,25.31,2.60,2257,-2
3948,118,25.31,2.60,2257,-2
3951,118,25.31,2.50,2257,-1
3954,118,25.31,2.60,2271,-1
3956,118,25.32,2.60,2271,-1
3958,118,25.32,2.50,2271,-1
3961,118,25.32,2.50,2271,-1
3963,118,25.32,2.60,2271,-2
3966,118,25.31,2.60,2271,-2
3968,118,25.31,2.70,2271,-2
3971,118,25.31,2.60,2271,-2
3974,118,25.31,2.60,2271,-2
3976,118,25.31,2.80,2257,-2
3978,118,25.31,2.80,2257,-2
3981,118,25.32,2.70,2257,-2
3983,118,25.32,2.80,2257,-2
3986,118,25.31,2.70,2257,-2
3988,118,25.31,2.60,2257,-2
3991,118,25.31,2.80,2257,-2
3994,118,25.31,2.70,2257,-2
3996,118,25.31,2.70,2257,-2
3999,118,25.31,2.90,2257,-2
4001,1047,25.32,2.90,2257,-2
4004,1047,25.32,2.80,2257,-2
4006,1047,25.31,2.70,2257,-2
4009,1047,25.31,2.70,2257,-1
4011,1047,25.31,2.90,2271,-1
4014,1047,25.31,2.80,2271,-1
4017,1047,23.91,11.10,2271,-1
4019,1047,24.16,25.00,2271,-1
4022,1047,23.05,51.70,2271,-1
4027,1047,24.08,144.10,4042,-1
4029,1047,24.23,141.90,4042,-1
4031,1047,24.27,141.50,13914,-1
4034,1047,24.50,139.70,13914,-2
4036,1047,24.58,131.10,13914,-2
4039,1047,24.58,129.10,13914,-2
4042,1047,24.65,128.80,13914,-2
4045,1047,24.78,121.00,13914,-2
4047,1047,24.81,113.00,13914,-2
4050,1047,24.92,108.20,19471,-2
4054,1047,24.96,97.10,19471,-2
4056,1047,24.99,91.70,19471,-2
4059,1047,24.99,88.80,19471,-2
4061,1047,25.04,86.20,19471,-2
4064,1047,25.03,82.80,19471,-2
4067,1047,25.09,79.50,20157,-2
4070,1047,25.07,74.80,20157,-2
4073,1047,25.12,71.20,20157,-2
4075,1047,25.11,66.20,20157,-2
4078,1047,25.13,63.60,20157,-2
4081,1047,25.12,63.00,20157,-1
4084,1047,25.12,60.80,20157,-1
4086,1047,25.14,56.70,22028,-1
4089,1047,25.13,54.10,22028,-1
4092,1047,25.16,50.90,22028,-1
4095,1047,25.14,49.50,22028,-1
4098,1047,25.14,47.60,22028,-1
4100,1047,25.16,45.90,21971,-1
4103,1047,25.16,44.50,21971,-1
4106,1047,25.15,44.20,21971,-1
4109,1047,25.16,42.70,21971,-1
4111,1047,25.17,40.10,21971,-1
4114,1047,25.16,38.30,21971,-1
4117,1047,25.16,37.10,21971,-1
4120,1047,25.17,36.00,21914,-1
4123,1047,25.17,34.60,21914,-1
4125,1047,25.16,33.50,21914,-1
4128,1047,25.17,33.60,21914,-2
4131,1047,25.16,32.50,21914,-2
4134,1047,25.17,31.40,21914,-2
4136,1047,25.18,30.60,21914,-2
4139,1047,25.17,29.30,22428,-2
4142,1047,25.18,28.10,22428,-2
4145,1047,25.18,27.20,22428,-2
4148,1047,25.19,26.50,22428,-2
4150,1047,25.16,25.60,22428,-2
4154,1047,25.17,25.60,22428,-2
4156,1047,25.18,24.50,22428,-2
4159,1047,25.19,23.80,22428,-2
4162,1047,25.19,23.40,22428,-2
4164,1047,25.19,23.40,22428,-2
4167,1047,25.21,23.10,22428,-2
4170,1047,25.20,22.50,22428,-2
4173,1047,25.18,23.00,22428,-2
4175,1047,25.20,22.30,22542,-2
4178,1047,25.17,22.10,22542,-2
4181,1047,25.19,21.90,22542,-2
4184,1047,25.18,21.40,22542,-2
4187,1047,25.18,21.00,22542,-2
4189,1047,25.20,20.90,22542,-2
4192,1047,25.19,20.60,22671,-2
4195,1047,25.19,20.20,22671,-2
4198,1047,25.18,19.90,22671,-2
4200,1047,25.18,20.00,22671,-2
4203,1047,25.19,19.50,22671,-2
4206,1047,25.20,19.40,22671,-2
4209,1047,25.16,19.70,22542,-2
4211,1047,25.18,19.30,22542,-2
4214,1047,25.18,19.60,22542,-2
4217,1047,25.20,19.20,22542,-2
4220,1047,25.18,18.90,22542,-2
4223,1047,25.17,19.30,22542,-2
4225,1047,25.19,18.70,22542,-2
4228,1047,25.19,18.80,22542,-2
4231,1047,25.20,18.50,22542,-3
4234,1047,25.17,18.70,22542,-3
4236,1047,25.19,18.70,22542,-3
4239,1047,25.21,18.20,22542,-3
4242,1047,25.20,21.50,23285,-3
4245,1047,25.18,21.00,23285,-2
4248,1047,25.19,20.60,23285,-2
4250,1047,25.18,20.30,23285,-2
4254,1047,25.19,20.60,23285,-2
4256,1047,25.21,19.90,23285,-2
4259,1047,25.19,20.50,24000,-2
4261,1047,25.20,20.40,24000,-2
4264,1047,25.19,20.20,24000,-2
4267,1047,25.19,19.50,24000,-2
4270,1047,25.14,19.70,24000,-2
4273,1047,25.18,19.50,24000,-2
4275,1047,25.19,19.30,21857,-2
4278,1047,25.20,19.80,21857,-2
4281,1047,25.20,19.40,21857,-2
4284,1047,25.19,19.60,21857,-2
4286,1047,25.19,19.30,21857,-2
4289,1047,25.18,19.40,21857,-2
4292,1047,25.20,19.30,22485,-2
4295,1047,25.21,18.90,22485,-2
4298,1047,25.20,18.60,22485,-2
4300,1047,25.20,18.30,22485,-2
4303,1047,25.18,18.30,22485,-2
4306,1047,25.19,18.40,22485,-2
4309,1047,25.19,18.00,22485,-2
4311,1047,25.18,18.30,22914,-2
4314,1047,25.19,18.50,22914,-2
4317,1047,25.21,17.90,22914,-2
4320,1047,25.19,17.60,22914,-2
4323,1047,25.18,18.40,22914,-2
4325,1047,25.18,17.90,22914,-2
4328,1047,25.19,18.30,22914,-2
4331,1047,25.19,18.00,22614,-2
4334,1047,25.20,17.90,22614,-2
4337,1047,25.19,18.50,22614,-2
4339,1047,25.18,18.40,22614,-2
4342,1047,25.19,18.80,22614,-2
4345,1047,25.20,19.10,22614,-2
4348,1047,25.20,18.50,22614,-2
4350,1047,25.19,17.80,22614,-2
4354,1047,25.19,18.00,22614,-2
4356,1047,25.19,18.50,22614,-2
4359,1047,25.20,18.20,22614,-2
4362,1047,25.21,17.80,22614,-1
4364,1047,25.19,17.40,22614,-1
4367,1047,25.22,18.00,22614,-1
4370,1047,25.22,17.50,22614,-1
4373,1047,25.19,18.00,22614,-2
4375,1047,25.19,17.80,22614,-2
4378,1047,25.19,17.70,22614,-2
4381,1047,25.20,17.60,22614,-2
4384,1047,25.18,17.80,22485,-2
4386,1047,25.18,17.40,22485,-2
4389,1047,25.18,17.50,22485,-2
4392,1047,25.18,17.60,22485,-2
4395,1047,25.20,17.50,22485,-2
4398,1047,25.18,18.30,22485,-2
4400,1047,25.19,18.30,22728,-2
4403,1047,25.18,20.60,22728,-2
4406,1047,25.20,19.80,22728,-1
4409,1047,25.20,21.50,22728,-1
4411,1047,25.19,21.80,22728,-1
4414,1047,25.18,21.00,23100,-1
4417,1047,25.20,20.30,23100,-1
4420,1047,25.19,20.30,23100,-1
4423,1047,25.21,20.60,23100,-1
4425,1047,25.18,20.40,23100,-1
4428,1047,25.17,21.00,23100,-1
4431,1047,25.20,20.60,23100,-1
4434,1047,25.19,20.30,22314,-1
4436,1047,25.19,20.30,22314,-1
4439,1047,25.19,20.40,22314,-1
4442,1047,25.18,19.90,22314,-1
4445,1047,25.20,19.20,22314,-1
4448,1047,25.21,18.90,22314,-1
4450,1047,25.18,19.60,23100,-1
4454,1047,25.20,19.00,23100,-1
4456,1047,25.20,19.20,23100,-1
4459,1047,25.19,18.80,23100,-1
4461,1047,25.18,18.70,23100,-1
4464,1047,25.21,18.80,23100,-2
4467,1047,25.20,18.60,23100,-2
4470,1047,25.19,18.60,23028,-2
4473,1047,25.22,17.90,23028,-2
4475,1047,25.18,18.00,23028,-2
4478,1047,25.18,17.60,23028,-2
4481,1047,25.19,17.90,23028,-2
4484,1047,25.18,18.80,23028,-2
4486,1047,25.18,18.70,22542,-2
4489,1047,25.19,18.90,22542,-2
4492,1047,25.20,18.90,22542,-2
4495,1047,25.17,18.40,22542,-2
4498,1047,25.20,18.50,22542,-2
4500,1047,25.20,19.10,22542,-2
4503,1047,25.20,18.40,22542,-2
4506,1047,25.19,18.20,22371,-2
4509,1047,25.19,18.20,22371,-2
4512,1047,25.19,18.50,22371,-2
4514,1047,25.20,18.30,22371,-2
4517,1047,25.19,18.40,22371,-2
4520,1047,25.19,18.70,22371,-2
4523,1047,25.17,18.30,22371,-2
4525,1047,25.22,18.30,22914,-2
4531,1047,25.18,18.80,22428,-2
4537,1047,25.21,18.20,22428,-2
4539,1047,25.20,18.10,22200,-2
4541,1047,25.19,18.60,22200,-2
4543,1047,25.18,18.60,22200,-2
4545,1047,25.18,18.30,22200,-2
4547,1047,25.20,18.20,22200,-2
4549,1047,25.20,18.20,22200,-2
4555,1047,25.18,18.20,23600,-2
4557,1047,25.19,18.10,23600,-2
4559,1047,25.19,17.90,23600,-2
4561,1047,25.19,17.70,23600,-2
4563,1047,25.20,18.30,23600,-2
4565,1047,25.20,18.50,23600,-2
4567,1047,25.19,17.90,23600,-2
4570,1047,25.20,18.20,23600,-1
4573,1047,25.18,17.90,22257,-1
4575,1047,25.21,18.50,22257,-1
4578,1047,25.21,17.90,22257,-1
4581,1047,25.18,18.50,22257,-1
4584,1047,25.18,18.40,22257,-1
4586,1047,25.19,18.20,22257,-1
4589,1047,25.19,18.20,22257,-1
4592,1047,25.19,18.20,24271,-1
4595,1047,25.19,18.30,24271,-1
4598,1047,25.18,18.20,24271,-1
4600,1047,25.18,17.70,24271,-1
4603,1047,25.19,17.80,24271,-1
4606,1047,25.21,18.20,24271,-2
4609,1047,25.18,18.10,24271,-2
4611,1047,25.17,18.10,22542,-2
4614,1047,25.20,17.80,22542,-2
4617,1047,25.25,16.80,22542,-2
4620,1047,25.19,17.20,22542,-2
4623,1047,25.20,17.30,22542,-2
4625,1047,25.18,17.50,22542,-2
4628,1047,25.22,17.40,22485,-2
4631,1047,25.21,17.30,22485,-2
4634,1047,25.19,17.60,22485,-2
4636,1047,25.19,17.60,22485,-2
4639,1047,25.18,17.80,22485,-2
4642,1047,25.19,17.50,22485,-2
4645,1047,25.19,18.00,22428,-2
4648,1047,25.20,17.50,22428,-2
4650,1047,25.17,18.30,22428,-2
4654,1047,25.19,18.10,22428,-2
4656,1047,25.19,18.00,22428,-2
4659,1047,25.19,17.60,22428,-2
4661,1047,25.18,17.70,22428,-2
4664,1047,25.18,17.80,22728,-2
4667,1047,25.18,17.40,22728,-2
4670,1047,25.19,17.90,22728,-2
4673,1047,25.21,17.20,22728,-2
4675,1047,25.21,17.70,22728,-2
4678,1047,25.20,17.60,22728,-2
4681,1047,25.17,17.70,22728,-2
4684,1047,25.18,17.30,21914,-2
4687,1047,25.18,17.90,21914,-1
4689,1047,25.18,17.60,21914,-1
4692,1047,25.18,17.70,21914,-1
4695,1047,25.21,17.20,21914,-1
4698,1047,25.19,17.00,21914,-2
4700,1047,25.18,17.10,22728,-2
4703,1047,25.18,17.50,22728,-2
4706,1047,25.20,17.10,22728,-2
4709,1047,25.19,17.30,22728,-2
4712,1047,25.18,17.60,22728,-2
4714,1047,25.18,18.00,22728,-2
4717,1047,25.18,17.60,22728,-2
4720,1047,25.21,17.90,21857,-2
4723,1047,25.18,17.60,21857,-2
4725,1047,25.20,17.20,21857,-2
4728,1047,25.19,17.30,21857,-2
4731,1047,25.19,18.40,21857,-2
4734,1047,25.17,17.40,21857,-1
4736,1047,25.19,17.50,22728,-1
4739,1047,25.19,17.20,22728,-1
4742,1047,25.18,17.90,22728,-1
4745,1047,25.20,17.90,22728,-1
4748,1047,25.18,20.60,22728,-1
4750,1047,25.17,19.60,22728,-1
4754,1047,25.17,19.70,22671,-1
4756,1047,25.21,19.60,22671,-2
4759,1047,25.18,18.90,22671,-2
4761,1047,25.18,19.60,22671,-2
4764,1047,25.19,18.90,22671,-2
4767,1047,25.18,18.40,22671,-2
4770,1047,25.18,18.70,22671,-2
4773,1047,25.18,19.20,22914,-2
4775,1047,25.19,18.20,22914,-2
4778,1047,25.19,18.00,22914,-2
4781,1047,25.19,18.50,22914,-1
4784,1047,25.19,18.90,22914,-1
4786,1047,25.19,18.90,22914,-1
4789,1047,25.17,18.70,22914,-1
4792,1047,25.19,17.90,22671,-2
4795,1047,25.18,18.60,22671,-2
4798,1047,25.22,18.70,22671,-2
4800,1047,25.19,18.70,22671,-2
4803,1047,25.19,17.90,22671,-1
4806,1047,25.18,18.50,22671,-1
4809,1047,25.19,18.00,22671,-1
4811,1047,25.18,18.40,22371,-1
4814,1047,25.18,18.60,22371,-1
4817,1047,25.22,18.50,22371,-1
4820,1047,25.19,17.90,22371,-1
4823,1047,25.19,18.00,22371,-1
4825,1047,25.18,18.20,22728,-1
4828,1047,25.17,18.20,22728,-2
4831,1047,25.19,18.30,22728,-2
4834,1047,25.19,17.40,22728,-2
4836,1047,25.19,21.10,22728,-2
4839,1047,25.17,21.30,22728,-2
4842,1047,25.18,20.90,22728,-2
4845,1047,25.18,19.80,22257,-2
4848,1047,25.17,19.50,22257,-2
4850,1047,25.17,20.10,22257,-2
4854,1047,25.19,19.90,22257,-2
4856,1047,25.21,19.90,22257,-2
4859,1047,25.18,19.30,22257,-2
4862,1047,25.19,19.40,22257,-1
4864,1047,25.19,19.40,22257,-1
4867,1047,25.18,19.40,22257,-1
4870,1047,25.16,18.80,22257,-1
4873,1047,25.16,19.50,22257,-1
4875,1047,25.19,19.00,22257,-1
4878,1047,25.18,18.70,22257,-1
4881,1047,25.22,19.20,24485,-1
4884,1047,25.18,19.10,24485,-1
4887,1047,25.21,18.10,24485,-3
4889,1047,25.20,17.80,24485,-3
4892,1047,25.21,17.80,24485,-3
4895,1047,25.20,18.30,22914,-3
4898,1047,25.15,18.10,22914,-3
4900,1047,25.21,18.70,22914,-3
4903,1047,25.17,18.60,22914,-3
4906,1047,25.19,18.30,22914,-3
4909,1047,25.19,18.20,22914,-2
4911,1047,25.17,18.10,22542,-2
4914,1047,25.19,18.00,22542,-2
4917,1047,25.18,18.10,22542,-2
4920,1047,25.20,18.30,22542,-2
4923,1047,25.19,17.80,22542,-2
4925,1047,25.19,17.70,22542,-2
4928,1047,25.23,17.90,22728,-2
4931,1047,25.21,17.70,22728,-2
4934,1047,25.21,17.10,22728,-2
4936,1047,25.18,17.70,22728,-2
4939,1047,25.18,18.10,22728,-2
4942,1047,25.19,18.30,22728,-2
4945,1047,25.20,18.10,22728,-2
4948,1047,25.18,17.90,22142,-2
4950,1047,25.17,18.10,22142,-2
4954,1047,25.18,18.00,22142,-2
4956,1047,25.20,17.20,22142,-1
4959,1047,25.18,17.80,22142,-1
4961,1047,25.21,17.70,22142,-1
4964,1047,25.19,17.50,22257,-1
4967,1047,25.19,17.10,22257,-2
4970,1047,25.18,17.70,22257,-2
4973,1047,25.17,17.50,22257,-2
4975,1047,25.19,17.00,22257,-2
4978,1047,25.18,16.80,22257,-2
4981,1047,25.18,17.30,22257,-2
4984,1047,25.19,17.30,22614,-2
4986,1047,25.19,17.50,22614,-2
4989,1047,25.18,17.20,22614,-2
4992,1047,25.18,17.50,22614,-2
4995,1047,25.18,17.20,22614,-2
4998,1047,25.21,17.60,22614,-2
5000,1047,25.18,17.60,22614,-2
5003,1047,25.18,17.40,22614,-2
5006,1047,25.19,17.50,22614,-2
5009,1047,25.18,17.80,22614,-2
5011,1047,25.18,18.00,22614,-2
5014,1047,25.18,18.20,22614,-2
5020,1047,25.19,18.40,22914,-2
5022,1047,25.22,18.20,22914,-2
5024,1047,25.19,17.90,22914,-2
5026,1047,25.19,17.40,22914,-2
5030,1047,25.18,21.20,22914,-2
5032,1047,25.22,20.40,22914,-2
5035,1047,25.20,20.20,23028,-2
5037,1047,25.20,20.10,23028,-2
5039,1047,25.19,20.10,23028,-2
5042,1047,25.16,21.30,23028,-2
5045,1047,25.18,20.80,23028,-2
5048,1047,25.19,21.20,23028,-1
5050,1047,25.18,20.90,23028,-1
5054,1047,25.18,20.60,24071,-1
5056,1047,25.18,20.40,24071,-1
5059,1047,25.16,20.60,24071,-1
5062,1047,25.20,20.10,24071,-2
5064,1047,25.18,20.20,24071,-2
5067,1047,25.19,19.90,24071,-2
5070,1047,25.19,20.00,24071,-2
5073,1047,25.22,19.60,21914,-2
5075,1047,25.22,19.00,21914,-2
5078,1047,25.18,18.60,21914,-2
5081,1047,25.18,18.50,21914,-2
5084,1047,25.18,19.10,21914,-2
5086,1047,25.21,19.10,22728,-2
5089,1047,25.18,18.70,22728,-2
5092,1047,25.20,18.40,22728,-2
5095,1047,25.18,18.80,22728,-2
5098,1047,25.18,18.80,22728,-2
5100,1047,25.19,18.80,22728,-2
5103,1047,25.19,18.30,22728,-2
5106,1047,25.21,18.30,22428,-2
5109,1047,25.19,18.30,22428,-1
5111,1047,25.19,18.00,22428,-1
5114,1047,25.17,18.50,22428,-1
5117,1047,25.21,18.60,22428,-1
5120,1047,25.19,18.20,22428,-1
5123,1047,25.16,18.40,21857,-1
5125,1047,25.16,18.00,21857,-1
5128,1047,25.17,18.60,21857,-1
5131,1047,25.18,18.50,21857,-2
5134,1047,25.18,18.60,21857,-2
5136,1047,25.18,18.40,21857,-2
5139,1047,25.18,18.50,22914,-2
5142,1047,25.17,18.80,22914,-2
5145,1047,25.19,18.60,22914,-2
5150,1047,25.19,20.80,22314,-2
5152,1047,25.19,20.80,22314,-2
5155,1047,25.20,20.20,22314,-1
5156,1047,25.18,20.40,22314,-1
5159,1047,25.19,19.50,22314,-1
5161,1047,25.19,20.00,22314,-1
5164,1047,25.18,20.00,23028,-1
5167,1047,25.18,19.20,23028,-1
5170,1047,25.18,19.00,23028,-1
5173,1047,25.19,19.50,23028,-1
5175,1047,25.21,19.20,23028,-1
5178,1047,25.18,18.90,23028,-1
5181,1047,25.19,19.20,23028,-1
5184,1047,25.19,19.00,22614,-1
5186,1047,25.19,19.30,22614,-1
5189,1047,25.20,19.20,22614,-1
5192,1047,25.21,18.80,22614,-1
5195,1047,25.20,18.30,22614,-1
5198,1047,25.18,18.10,22614,-1
5200,1047,25.18,18.20,22371,-1
5203,1047,25.20,18.20,22371,-1
5206,1047,25.18,18.20,22371,-1
5209,1047,25.21,17.20,22371,-1
5212,1047,25.19,17.30,22371,-2
5214,1047,25.19,17.50,22371,-2
5217,1047,25.19,17.70,23028,-2
5220,1047,25.20,17.90,23028,-2
5223,1047,25.18,17.20,23028,-2
5225,1047,25.18,17.00,23028,-1
5228,1047,25.18,16.80,23028,-1
5231,1047,25.19,16.80,23028,-1
5234,1047,25.18,17.30,23028,-1
5237,1047,25.17,16.80,21971,-2
5239,1047,25.17,16.50,21971,-2
5242,1047,25.19,16.80,21971,-2
5245,1047,25.18,17.20,21971,-2
5248,1047,25.18,17.20,21971,-2
5250,1047,25.18,17.70,21971,-2
5254,1047,25.20,17.10,21971,-2
5256,1047,25.18,17.10,22542,-2
5259,1047,25.16,17.40,22542,-2
5261,1047,25.18,17.50,22542,-2
5264,1047,25.18,17.80,22542,-2
5267,1047,25.18,17.50,22542,-2
5270,1047,25.19,17.80,22542,-1
5273,1047,25.19,18.50,22371,-1
5275,1047,25.20,18.30,22371,-1
5278,1047,25.17,18.40,22371,-1
5281,1047,25.20,18.10,22371,-1
5284,1047,25.20,18.00,22371,-1
5286,1047,25.18,18.00,22371,-1
5289,1047,25.16,18.20,22614,-1
5292,1047,25.20,17.80,22614,-1
5295,1047,25.18,18.10,22614,0
5297,1047,25.21,18.10,22614,0
5300,1047,25.18,18.00,22614,0
5303,1047,25.18,18.20,22614,0
5306,1047,25.20,18.10,22614,-1
5308,1047,25.17,17.90,22785,-1
5311,1047,25.19,18.40,22785,-1
5314,1047,25.18,18.50,22785,-1
5317,1047,25.18,18.40,22785,-2
5319,1047,25.20,18.40,22785,-2
5322,1047,25.19,17.70,22785,-2
5325,1047,25.18,18.20,22785,-2
5328,1047,25.21,18.70,22971,-2
5331,1047,25.18,18.90,22971,-2
5334,1047,25.18,18.20,22971,-2
5336,1047,25.19,17.90,22971,-2
5339,1047,25.19,17.80,22971,-2
5342,1047,25.19,17.90,22971,-2
5344,1047,25.17,18.40,22971,-2
5347,1047,25.20,18.00,22614,-2
5350,1047,25.18,17.70,22614,-2
5356,1047,25.19,18.40,22485,-1
5357,1047,25.18,18.70,22485,-1
5359,1047,25.18,18.60,22485,-1
5361,1047,25.18,18.00,22485,-1
5364,1047,25.19,18.00,22485,-1
5367,1047,25.20,17.60,22485,-1
5369,1047,25.18,17.70,22485,-1
5372,1047,25.16,17.80,22914,-1
5375,1047,25.20,17.50,22914,-1
5378,1047,25.20,17.20,22914,-1
5395,1047,25.21,18.30,22785,-1
5397,1047,25.18,18.00,22785,-1
5399,1047,25.18,17.70,22914,-2
5401,1047,25.17,18.10,22914,-2
5403,1047,25.20,18.30,22914,-2
5405,1047,25.21,17.70,22914,-2
5407,1047,25.19,17.40,22914,-2
5409,1047,25.19,18.10,22914,-2
5417,1047,25.18,18.00,22785,-2
5419,1047,25.17,17.10,22785,-2
5421,1047,25.19,17.00,22785,-2
5423,1047,25.17,17.70,22785,-2
5425,1047,25.17,17.60,22785,-2
5427,1047,25.18,17.30,22785,-2
5431,1047,25.15,18.30,22485,-2
5434,1047,25.20,17.90,22485,-2
5436,1047,25.16,17.60,22485,-2
5437,1047,25.17,18.30,22485,-2
5439,1047,25.19,17.70,22485,-2
5440,1047,25.19,18.40,22485,-2
5442,1047,25.19,17.90,22485,-2
5443,1047,25.18,18.30,22485,-2
5445,1047,25.17,18.00,22485,-3
5448,1047,25.17,18.20,22485,-3
5451,1047,25.19,18.20,22785,-3
5454,1047,25.19,18.30,22785,-3
5456,1047,25.20,18.00,22785,-3
5459,1047,25.20,17.80,22785,-3
5462,1047,25.18,18.70,22785,-3
5465,1047,25.18,18.40,22785,-3
5467,1047,25.18,18.40,22785,-3
5470,1047,25.18,18.70,22028,-3
5476,1047,25.19,18.80,22028,-3
5477,1047,25.18,18.60,22028,-3
5479,1047,25.20,18.50,22028,-3
5481,1047,25.20,18.20,22542,-2
5484,1047,25.19,18.40,22542,-2
5487,1047,25.18,18.20,22542,-2
5490,1047,25.19,18.40,22542,-2
5493,1047,25.19,18.20,22542,-1
5495,1047,25.17,18.10,22542,-1
5498,1047,25.17,18.50,22542,-1
5501,1047,25.17,18.00,23800,-1
5504,1047,25.17,18.30,23800,-1
5506,1047,25.18,18.10,23800,-1
5509,1047,25.17,17.70,23800,-1
5512,1047,25.19,17.20,23800,-1
5515,1047,25.18,18.00,23800,-1
5517,1047,25.18,18.10,22785,-1
5520,1047,25.15,17.90,22785,-1
5523,1047,25.15,17.40,22785,-1
5526,1047,25.19,17.70,22785,-1
5529,1047,25.17,18.60,22785,-1
5531,1047,25.21,18.10,22785,-1
5534,1047,25.18,18.40,22785,-1
5537,1047,25.19,18.30,22857,-1
5540,1047,25.17,18.00,22857,-1
5542,1047,25.19,18.30,22857,-1
5545,1047,25.19,17.70,22857,-1
5548,1047,25.18,18.30,22857,-1
5551,1047,25.19,18.10,22857,-2
5554,1047,25.17,17.60,22914,-2
5556,1047,25.17,18.10,22914,-2
5559,1047,25.18,17.70,22914,-2
5562,1047,25.17,17.40,22914,-2
5565,1047,25.18,17.20,22914,-2
5567,1047,25.20,17.30,22914,-2
5570,1047,25.20,17.00,22914,-2
5576,1047,25.19,17.10,21971,-3
5577,1047,25.19,16.60,21971,-3
5579,1047,25.17,17.20,21971,-3
5581,1047,25.20,16.70,21971,-3
5584,1047,25.18,17.30,21971,-3
5587,1047,25.17,17.70,21971,-3
5590,1047,25.19,17.60,21971,-3
5592,1047,25.19,17.70,21971,-3
5595,1047,25.19,17.40,22257,-3
5598,1047,25.20,17.30,22257,-2
5601,1047,25.17,17.40,22257,-2
5603,1047,25.17,17.40,22257,-2
5606,1047,25.18,17.40,22257,-2
5609,1047,25.19,17.00,22257,-2
5612,1047,25.20,16.80,22257,-2
5615,1047,25.20,17.30,22142,-2
5617,1047,25.19,17.20,22142,-2
5620,1047,25.18,17.30,22142,-2
5623,1047,25.18,17.80,22142,-2
5626,1047,25.18,17.70,22142,-2
5628,1047,25.18,17.70,22857,-2
5631,1047,25.18,18.00,22857,-2
5634,1047,25.18,18.00,22857,-2
5639,1047,25.19,17.60,22785,-2
5641,1047,25.19,17.00,22785,-2
5643,1047,25.18,17.10,22785,-2
5645,1047,25.17,17.70,22785,-2
5648,1047,25.19,17.20,22785,-2
5651,1047,25.19,17.50,22785,-2
5654,1047,25.17,17.80,22785,-2
5656,1047,25.18,17.20,22914,-2
5659,1047,25.18,17.60,22914,-2
5662,1047,25.18,17.10,22914,-2
5665,1047,25.18,17.60,22914,-2
5668,1047,25.19,17.70,22914,-1
5670,1047,25.20,17.50,22914,-1
5676,1047,25.18,17.30,22671,-1
5677,1047,25.18,17.30,22671,-1
5679,1047,25.19,17.50,22671,-1
5681,1047,25.20,17.20,22671,-1
5684,1047,25.18,17.60,22671,-1
5687,1047,25.20,16.70,22671,-1
5690,1047,25.16,17.80,22971,-2
5695,1047,25.20,18.40,22971,-2
5697,1047,25.20,18.10,22971,-2
5699,1047,25.18,18.00,22971,-2
5701,1047,25.19,17.70,22971,-2
5704,1047,25.18,18.10,22371,-2
5706,1047,25.17,18.30,22371,-2
5709,1047,25.18,18.10,22371,-2
5712,1047,25.20,18.20,22371,-2
5715,1047,25.18,18.30,22371,-1
5717,1047,25.17,17.80,22371,-1
5720,1047,25.22,17.70,22371,-1
5723,1047,25.19,17.60,22485,-1
5726,1047,25.19,17.90,22485,-1
5728,1047,25.19,17.80,22485,-1
5731,1047,25.19,17.60,22485,-1
5734,1047,25.19,17.00,22485,-1
5737,1047,25.20,19.80,23100,-1
5740,1047,25.17,20.20,23100,-1
5742,1047,25.19,20.20,23100,-1
5745,1047,25.18,19.70,23100,-1
5748,1047,25.18,19.00,23100,-2
5751,1047,25.19,19.20,23100,-2
5754,1047,25.17,19.70,22785,-2
5756,1047,25.18,19.20,22785,-2
5759,1047,25.18,18.70,22785,-2
5762,1047,25.18,19.30,22785,-3
5765,1047,25.18,18.60,22785,-3
5767,1047,25.18,18.40,22785,-3
5770,1047,25.19,18.60,22785,-3
5774,1047,25.18,18.80,22542,-2
5776,1047,25.19,17.80,22542,-2
5778,1047,25.17,19.00,22542,-2
5781,1047,25.18,19.30,22542,-2
5784,1047,25.18,18.90,22542,-1
5787,1047,25.18,18.50,22542,-1
5790,1047,25.18,18.20,23100,-1
5792,1047,25.18,18.20,23100,-1
5795,1047,25.19,18.60,23100,-1
5798,1047,25.20,18.70,23100,-1
5803,1047,25.18,18.50,22728,-1
5805,1047,25.19,18.60,22728,-1
5807,1047,25.21,18.90,22728,-1
5809,1047,25.19,18.90,22728,-1
5812,1047,25.18,18.70,22728,-1
5815,1047,25.19,18.50,22542,-1
5817,1047,25.19,19.10,22542,-1
5820,1047,25.18,18.60,22542,-1
5823,1047,25.18,19.00,22542,-1
5826,1047,25.19,18.60,22542,-1
5828,1047,25.19,18.10,22542,-1
5831,1047,25.18,18.40,22542,-2
5834,1047,25.19,18.70,22671,-2
5837,1047,25.18,18.80,22671,-2
5840,1047,25.18,18.70,22671,-2
5843,1047,25.18,18.40,22671,-2
5845,1047,25.20,17.70,22671,-2
5848,1047,25.19,17.40,22671,-2
5851,1047,25.18,18.40,22614,-2
5854,1047,25.18,18.20,22614,-2
5856,1047,25.17,18.20,22614,-2
5859,1047,25.18,18.40,22614,-2
5862,1047,25.17,18.00,22614,-2
5865,1047,25.18,18.50,22614,-2
5868,1047,25.24,18.40,22914,-3
5870,1047,25.19,18.30,22914,-3
5876,1047,25.18,17.60,22914,-3
5877,1047,25.23,17.10,22914,-2
5878,1047,25.18,17.80,22857,-2
5881,1047,25.18,17.30,22857,-2
5884,1047,25.17,17.90,22857,-2
5887,1047,25.18,18.00,22857,-2
5890,1047,25.20,17.80,22857,-2
5892,1047,25.18,17.70,22857,-2
5895,1047,25.17,17.80,22857,-2
5898,1047,25.19,17.60,22428,-2
5901,1047,25.19,17.70,22428,-2
5903,1047,25.18,17.70,22428,-2
5906,1047,25.17,17.80,22428,-2
5909,1047,25.18,17.90,22428,-2
5912,1047,25.17,17.50,22428,-2
5915,1047,25.16,17.90,22428,-2
5917,1047,25.18,18.20,22914,-2
5920,1047,25.18,18.40,22914,-2
5923,1047,25.18,18.30,22914,-2
5926,1047,25.15,17.60,22914,-1
5928,1047,25.21,18.90,22914,-1
5931,1047,25.20,18.10,22971,-1
5934,1047,25.17,18.10,22971,-1
5937,1047,25.19,18.20,22971,-1
5940,1047,25.15,18.00,22971,-1
5942,1047,25.18,17.60,22971,-1
5945,1047,25.17,18.00,22971,-1
5948,1047,25.18,18.30,22971,-2
5951,1047,25.19,18.30,22371,-2
5954,1047,25.17,18.10,22371,-2
5956,1047,25.17,18.40,22371,-2
5959,1047,25.20,18.30,22371,-2
5962,1047,25.19,18.10,22371,-2
5965,1047,25.19,18.00,22371,-2
5967,1047,25.19,18.30,22371,-2
5970,1047,25.17,18.50,22542,-2
5976,1047,25.18,18.20,22485,-2
5977,1047,25.18,17.70,22485,-2
5979,1047,25.18,17.90,22485,-2
5981,1047,25.19,17.50,22485,-2
5984,1047,25.17,17.90,22485,-2
5987,1047,25.17,17.80,22485,-2
5990,1047,25.18,18.20,22485,-2
5992,1047,25.20,18.20,22314,-2
5995,1047,25.17,18.00,22314,-2
5998,1047,25.18,17.40,22314,-2
6001,118,25.20,17.80,22314,-2
6003,118,25.20,17.90,22314,-2
6006,118,25.63,17.20,22314,-1
6009,118,25.69,16.20,21742,-1
6011,118,25.63,14.70,21742,-1
6016,118,25.53,11.80,21742,-1
6017,118,25.50,11.40,21742,-1
6020,118,25.48,10.70,21742,-1
6022,118,25.44,10.30,21742,-1
6025,118,25.41,9.70,8542,-1
6027,118,25.39,8.80,8542,-1
6030,118,25.36,8.00,8542,-2
6032,118,25.36,7.50,8542,-2
6035,118,25.33,6.80,8542,-2
6038,118,25.33,6.50,8542,-2
6040,118,25.33,6.40,8542,-3
6043,118,25.33,6.00,8542,-3
6045,118,25.32,5.70,5014,-3
6048,118,25.32,5.20,5014,-3
6050,118,25.32,4.90,5014,-3
6053,118,25.31,4.60,5014,-3
6055,118,25.31,4.10,5014,-3
6058,118,25.30,3.90,3857,-3
6060,118,25.31,3.80,3857,-3
6063,118,25.31,3.40,3857,-3
6065,118,25.30,3.20,3857,-3
6068,118,25.29,3.10,3857,-3
6070,118,25.30,3.00,3857,-3
6073,118,25.30,3.00,3385,-3
6075,118,25.30,2.80,3385,-2
6078,118,25.30,2.60,3385,-2
6080,118,25.29,2.60,3385,-2
6083,118,25.29,2.60,3385,-2
6085,118,25.30,2.50,3385,-2
6088,118,25.30,2.70,3385,-2
6090,118,25.30,2.70,3142,-2
6096,118,25.29,2.50,3142,-2
6097,118,25.29,2.50,3142,-2
6099,118,25.29,2.50,3142,-1
6100,118,25.29,2.40,3142,-1
6103,118,25.30,2.30,2985,-1
6105,118,25.30,2.30,2985,-1
6108,118,25.30,2.40,2985,-1
6111,118,25.30,2.20,2985,0
6115,118,25.30,2.00,2985,0
6116,118,25.29,2.10,2985,0
6118,118,25.29,2.00,2985,0
6120,118,25.29,2.00,2800,0
6123,118,25.30,2.10,2800,0
6125,118,25.30,2.30,2800,0
6128,118,25.29,2.50,2800,0
6130,118,25.29,2.30,2800,0
6132,118,25.30,2.30,2800,0
6135,118,25.30,2.20,2800,0
6137,118,25.30,2.20,2642,0
6140,118,25.29,2.10,2642,0
6142,118,25.29,2.00,2642,0
6145,118,25.29,2.00,2642,0
6147,118,25.30,2.40,2642,0
6149,118,25.30,2.30,2642,0
6152,118,25.29,2.30,2642,0
6154,118,25.30,2.20,2642,0
6157,118,25.30,2.20,2542,0
6159,118,25.30,2.30,2542,0
6162,118,25.30,2.30,2542,0
6164,118,25.30,2.20,2542,0
6166,118,25.30,2.20,2542,0
6169,118,25.30,2.30,2542,-2
6171,118,25.30,2.20,2542,-2
6174,118,25.30,2.10,2471,-2
6176,118,25.30,2.20,2471,-2
6179,118,25.30,2.30,2471,-2
6182,118,25.30,2.30,2471,-2
6184,118,25.30,2.10,2471,-2
6186,118,25.30,2.10,2471,-2
6189,118,25.30,2.20,2471,-2
6192,118,25.30,2.10,2471,-2
6194,118,25.30,2.20,2400,-2
6197,118,25.29,2.10,2400,-2
6199,118,25.29,1.90,2400,-2
6202,118,25.30,2.10,2400,-2
6204,118,25.30,2.30,2400,-1
6207,118,25.30,2.20,2400,-1
6209,118,25.30,2.20,2342,-1
6212,118,25.30,2.10,2342,-1
6214,118,25.30,2.20,2342,-1
6217,118,25.30,2.30,2342,-1
6219,118,25.30,2.10,2342,-1
6222,118,25.30,2.20,2342,-1
6224,118,25.30,2.40,2342,-1
6227,118,25.30,2.40,2300,-1
6229,118,25.30,2.30,2300,-1
6232,118,25.30,2.30,2300,-1
6234,118,25.29,2.40,2300,-1
6237,118,25.29,2.50,2300,-1
6239,118,25.30,2.40,2300,-1
6242,118,25.30,2.50,2300,-1
6244,118,25.30,2.40,2271,-1
6247,118,25.29,2.50,2271,-1
6249,118,25.29,2.50,2271,-1
6252,118,25.29,2.40,2271,-2
6254,118,25.29,2.40,2271,-2
6257,118,25.30,2.40,2271,-2
6259,118,25.30,2.40,2271,-2
6262,118,25.29,2.40,2242,-1
6265,118,25.30,2.30,2242,-1
6267,118,25.29,2.60,2242,-1
6270,118,25.29,2.50,2242,-1
6272,118,25.30,2.40,2242,-1
6275,118,25.30,2.40,2242,-1
6277,118,25.30,2.50,2242,-1
6280,118,25.29,2.40,2228,-1
6282,118,25.30,2.50,2228,-1
6285,118,25.30,2.50,2228,-1
6287,118,25.30,2.40,2228,-2
6290,118,25.27,2.50,2228,-2
6292,118,25.27,2.50,2228,-2
6295,118,25.29,2.30,2228,-2
6297,118,25.29,2.50,2228,-2
6300,118,25.29,2.60,2228,-2
6302,118,25.29,2.70,2228,-2
6305,118,25.30,2.50,2228,-2
6307,118,25.30,2.60,2228,-2
6310,118,25.30,2.70,2228,-3
6312,118,25.30,2.60,2228,-3
6315,118,25.29,2.60,2228,-3
6317,118,25.29,2.60,2228,-3
6320,118,25.30,2.60,2228,-2
6322,118,25.30,2.60,2228,-2
6325,118,25.30,2.70,2228,-2
6327,118,25.30,2.60,2228,-2
6330,118,25.29,2.50,2228,-2
6333,118,25.30,2.60,2228,-2
6335,118,25.30,2.50,2214,-2
6338,118,25.29,2.40,2214,-2
6340,118,25.30,2.40,2214,-2
6343,118,25.30,2.30,2214,-2
6345,118,25.30,2.40,2214,-2
6348,118,25.29,2.40,2214,-2
6350,118,25.29,2.50,2214,-2
6353,118,25.29,2.40,2242,-2
6355,118,25.30,2.40,2242,-2
6358,118,25.30,2.40,2242,-2
6360,118,25.30,2.20,2242,-2
6363,118,25.30,2.20,2242,-2
6365,118,25.30,2.40,2242,-2
6368,118,25.30,2.40,2242,-2
6370,118,25.30,2.30,2200,-2
6373,118,25.30,2.40,2200,-2
6375,118,25.29,2.40,2200,-2
6378,118,25.29,2.30,2200,-2
6380,118,25.29,2.30,2228,-2
6383,118,25.30,2.40,2228,-2
6385,118,25.30,2.50,2228,-2
6388,118,25.30,2.40,2228,-2
6391,118,25.30,2.40,2228,-2
6396,118,25.30,2.70,2228,-2
6397,118,25.30,2.70,2228,-2
6399,118,25.30,2.60,2228,-2
6400,118,25.30,2.50,2228,-2
6403,118,25.30,2.60,2228,-3
6405,118,25.30,2.50,2228,-3
6408,118,25.30,2.70,2257,-3
6411,118,25.29,2.50,2257,-3
6416,118,25.30,2.40,2257,-3
6417,118,25.30,2.40,2257,-3
6419,118,25.30,2.30,2257,-3
6421,118,25.30,2.30,2285,-3
6423,118,25.29,2.30,2285,-3
6426,118,25.30,2.30,2285,-2
6428,118,25.29,2.20,2285,-2
6431,118,25.29,2.20,2285,-2
6434,118,25.30,2.20,2285,-2
6436,118,25.29,2.30,2285,-2
6438,118,25.29,2.20,2285,-2
6441,118,25.29,2.30,2285,-2
6443,118,25.29,2.20,2285,-2
6446,118,25.30,2.30,2285,-2
6448,118,25.30,2.20,2285,-2
6451,118,25.30,2.10,2285,-2
6454,118,25.30,2.40,2285,-2
6456,118,25.30,2.20,2300,-2
6458,118,25.30,2.10,2300,-2
6461,118,25.30,2.10,2300,-2
6463,118,25.30,2.30,2300,-2
6466,118,25.30,2.40,2300,-2
6468,118,25.29,2.30,2300,-2
6471,118,25.30,2.20,2300,-2
6474,118,25.30,2.40,2285,-2
6476,118,25.30,2.30,2285,-2
6478,118,25.30,2.20,2285,-2
6481,118,25.30,2.30,2285,-2
6484,118,25.30,2.40,2285,-2
6486,118,25.30,2.30,2285,-2
6489,118,25.30,2.40,2285,-2
6491,118,25.30,2.20,2285,-2
6494,118,25.30,2.20,2285,-2
6496,118,25.30,2.30,2285,-2
6499,118,25.30,2.40,2285,-2
6501,118,25.30,2.20,2285,-2
6504,118,25.30,2.20,2285,-2
6506,118,25.30,2.10,2285,-2
6509,118,25.30,2.40,2285,-2
6511,118,25.30,2.40,2300,-2
6514,118,25.29,2.20,2300,-2
6516,118,25.30,2.30,2300,-2
6519,118,25.30,2.20,2300,-2
6521,118,25.30,2.30,2300,-2
6524,118,25.30,2.20,2300,-2
6526,118,25.30,2.10,2300,-2
6529,118,25.30,2.20,2300,-2
6531,118,25.30,2.20,2300,-2
6534,118,25.30,2.30,2300,-2
6536,118,25.30,2.20,2300,-2
6539,118,25.30,2.10,2300,-2
6541,118,25.30,2.30,2300,-2
6544,118,25.30,2.30,2300,-2
6546,118,25.30,2.20,2300,-2
6549,118,25.30,2.20,2300,-2
6551,118,25.30,2.10,2300,-2
6554,118,25.30,2.30,2300,-2
6557,118,25.29,2.30,2300,-2
6559,118,25.30,2.20,2300,-2
6562,118,25.30,2.20,2300,-2
6564,118,25.30,2.10,2300,-2
6567,118,25.30,2.20,2285,-2
6569,118,25.30,2.20,2285,-2
6572,118,25.30,2.30,2285,-2
6574,118,25.30,2.30,2285,-2
6577,118,25.30,2.40,2285,-2
6579,118,25.30,2.20,2285,-2
6582,118,25.30,2.10,2285,-2
6584,118,25.30,2.30,2285,-2
6587,118,25.30,2.40,2285,-2
6589,118,25.30,2.30,2285,-2
6592,118,25.30,2.20,2285,-2
6594,118,25.30,2.30,2285,-2
6597,118,25.30,2.40,2285,-2
6599,118,25.30,2.30,2300,-2
6602,118,25.30,2.20,2300,-2
6604,118,25.30,2.20,2300,-2
6607,118,25.30,2.20,2300,-2
6609,118,25.29,2.20,2300,-2
6612,118,25.30,2.30,2300,-2
6614,118,25.30,2.30,2300,-2
6617,118,25.30,2.40,2300,-2
6619,118,25.30,2.30,2300,-2
6622,118,25.29,2.20,2285,-2
6625,118,25.29,2.20,2285,-2
6627,118,25.30,2.40,2285,-2
6630,118,25.30,2.40,2285,-2
6632,118,25.30,2.30,2285,-2
6635,118,25.30,2.30,2285,-2
6637,118,25.30,2.40,2300,-2
6640,118,25.30,2.30,2300,-2
6642,118,25.30,2.30,2300,-2
6645,118,25.31,2.30,2300,-2
6647,118,25.30,2.30,2300,-2
6650,118,25.30,2.40,2300,-2
6652,118,25.30,2.40,2300,-2
6655,118,25.29,2.30,2300,-2
6657,118,25.29,2.60,2300,-2
6660,118,25.30,2.60,2300,-2
6662,118,25.30,2.50,2300,-2
6665,118,25.30,2.50,2300,-2
6667,118,25.30,2.30,2300,-2
6670,118,25.30,2.50,2300,-2
6672,118,25.30,2.50,2300,-1
6675,118,25.29,2.30,2300,-1
6677,118,25.29,2.30,2300,-1
6680,118,25.30,2.20,2300,-1
6683,118,25.30,2.30,2300,-2
6685,118,25.30,2.20,2300,-2
6687,118,25.30,2.10,2300,-2
6690,118,25.30,2.00,2300,-2
6692,118,25.30,2.00,2300,-2
6695,118,25.30,2.30,2300,-2
6697,118,25.30,2.10,2300,-2
6700,118,25.30,2.10,2300,-2
6703,118,25.30,2.40,2300,-2
6705,118,25.30,2.40,2300,-2
6708,118,25.30,2.30,2285,-1
6710,118,25.29,2.20,2285,-1
6713,118,25.29,2.20,2285,-1
6715,118,25.30,2.40,2285,-1
6718,118,25.30,2.40,2285,-1
6720,118,25.30,2.50,2285,-1
6723,118,25.30,2.30,2285,-1
6725,118,25.30,2.30,2285,-1
6728,118,25.30,2.40,2285,-1
6730,118,25.30,2.30,2285,-1
6733,118,25.30,2.30,2285,-1
6735,118,25.30,2.30,2285,-1
6738,118,25.30,2.40,2285,-1
6740,118,25.30,2.30,2285,-2
6743,118,25.30,2.20,2285,-2
6745,118,25.27,2.20,2285,-2
6748,118,25.27,2.30,2285,-2
6750,118,25.30,2.30,2285,-2
6756,118,25.30,2.30,2300,-2
6757,118,25.30,2.30,2285,-2
6759,118,25.30,2.30,2285,-2
6760,118,25.30,2.30,2285,-2
6763,118,25.30,2.20,2285,-2
6766,118,25.30,2.10,2285,-1
6768,118,25.29,2.20,2285,-1
6770,118,25.29,2.30,2285,-1
6776,118,25.30,2.20,2300,-2
6777,118,25.29,2.40,2300,-2
6779,118,25.29,2.30,2300,-2
6781,118,25.29,2.40,2300,-2
6783,118,25.30,2.30,2300,-2
6786,118,25.30,2.30,2300,-2
6788,118,25.30,2.30,2300,-2
6791,118,25.29,2.40,2300,-2
6794,118,25.29,2.40,2300,-2
6796,118,25.30,2.30,2300,-2
6798,118,25.30,2.60,2300,-2
6801,118,25.30,2.50,2300,-1
6803,118,25.30,2.60,2300,-1
6806,118,25.30,2.50,2300,-1
6808,118,25.30,2.30,2300,-1
6811,118,25.30,2.30,2300,-1
6814,118,25.30,2.50,2300,-1
6816,118,25.30,2.40,2300,-1
6818,118,25.30,2.40,2300,-1
6821,118,25.30,2.30,2300,-1
6823,118,25.30,2.30,2300,-2
6826,118,25.30,2.40,2300,-2
6828,118,25.30,2.40,2285,-2
6831,118,25.30,2.30,2285,-2
6834,118,25.30,2.30,2285,-2
6836,118,25.30,2.50,2285,-2
6838,118,25.30,2.30,2285,-2
6841,118,25.30,2.20,2285,-2
6844,118,25.30,2.30,2285,-2
6846,118,25.30,2.40,2285,-1
6849,118,25.30,2.40,2285,-1
6851,118,25.30,2.30,2285,-1
6854,118,25.30,2.20,2285,-1
6856,118,25.30,2.20,2285,-1
6859,118,25.30,2.40,2285,-2
6861,118,25.30,2.30,2285,-2
6864,118,25.30,2.20,2285,-2
6866,118,25.30,2.20,2285,-2
6869,118,25.30,2.30,2285,-2
6871,118,25.30,2.20,2285,-2
6874,118,25.30,2.20,2285,-2
6876,118,25.30,2.10,2285,-2
6879,118,25.30,2.20,2285,-2
6881,118,25.30,2.10,2285,-2
6884,118,25.30,2.00,2285,-2
6886,118,25.30,2.00,2285,-2
6889,118,25.30,2.10,2285,-2
6891,118,25.30,2.20,2285,-2
6894,118,25.30,2.10,2285,-2
6896,118,25.30,2.10,2285,-2
6899,118,25.30,2.20,2300,-2
6901,118,25.30,2.20,2300,-2
6904,118,25.30,2.10,2300,-1
6906,118,25.30,2.30,2300,-1
6909,118,25.30,2.30,2300,-1
6911,118,25.30,2.30,2300,-1
6914,118,25.30,2.30,2300,-1
6917,118,25.30,2.30,2271,-1
6919,118,25.31,2.40,2271,-1
6922,118,25.30,2.40,2271,-1
6924,118,25.30,2.40,2271,-1
6927,118,25.30,2.30,2271,-1
6929,118,25.30,2.30,2271,-1
6932,118,25.30,2.40,2285,-1
6934,118,25.30,2.30,2285,-1
6937,118,25.30,2.20,2285,-1
6939,118,25.30,2.20,2285,-2
6942,118,25.30,2.40,2285,-2
6944,118,25.30,2.20,2285,-2
6947,118,25.30,2.10,2285,-2
6949,118,25.30,2.30,2285,-2
6952,118,25.30,2.40,2285,-2
6954,118,25.30,2.30,2285,-2
6957,118,25.30,2.30,2285,-2
6959,118,25.30,2.20,2285,-2
6962,118,25.30,2.50,2285,-2
6964,118,25.30,2.40,2285,-2
6967,118,25.30,2.40,2285,-2
6969,118,25.30,2.30,2285,-2
6972,118,25.30,2.20,2285,-2
6975,118,25.30,2.40,2285,-3
6977,118,25.30,2.30,2285,-3
6979,118,25.30,2.20,2285,-3
6982,118,25.30,2.20,2285,-3
6984,118,25.30,2.50,2285,-3
6987,118,25.30,2.60,2300,-3
6990,118,25.30,2.40,2300,-3
6992,118,25.30,2.30,2300,-3
6995,118,25.31,2.50,2300,-3
6997,118,25.31,2.50,2300,-3
7000,118,25.29,2.30,2300,-3
7002,118,25.29,2.30,2300,-3
7005,118,25.29,2.40,2300,-3
7007,118,25.30,2.30,2285,-3
7010,118,25.30,2.40,2285,-2
7012,118,25.30,2.30,2285,-2
7015,118,25.30,2.20,2285,-2
7017,118,25.30,2.20,2285,-2
7020,118,25.30,2.40,2285,-2
7022,118,25.30,2.20,2300,-2
7025,118,25.30,2.20,2300,-2
7027,118,25.30,2.10,2300,-2
7030,118,25.31,2.40,2300,-2
7032,118,25.31,2.40,2300,-2
7035,118,25.30,2.20,2300,-2
7037,118,25.30,2.20,2300,-2
7040,118,25.30,2.40,2300,-2
7042,118,25.30,2.30,2300,-2
7045,118,25.30,2.40,2300,-2
7047,118,25.30,2.30,2300,-2
7050,118,25.30,2.30,2300,-2
7052,118,25.30,2.20,2300,-2
7055,118,25.30,2.20,2300,-2
7058,118,25.30,2.20,2300,-1
7060,118,25.30,2.20,2285,-1
7063,118,25.30,2.40,2285,-1
7065,118,25.30,2.20,2285,-1
7068,118,25.30,2.10,2285,-1
7070,118,25.30,2.00,2285,-1
7073,118,25.30,2.10,2285,-1
7075,118,25.30,2.20,2285,-1
7078,118,25.30,2.20,2285,-1
7080,118,25.30,2.20,2285,-1
7083,118,25.30,2.30,2285,-1
7085,118,25.30,2.20,2285,-1
7088,118,25.31,2.00,2285,-1
7090,118,25.31,2.10,2285,-1
7096,118,25.30,2.30,2300,-2
7097,118,25.30,2.20,2300,-2
7099,118,25.30,2.10,2300,-2
7100,118,25.30,2.10,2300,-2
7103,118,25.30,2.10,2300,-2
7105,118,25.30,2.30,2300,-2
7108,118,25.30,2.30,2300,-2
7110,118,25.31,2.20,2300,-2
7116,118,25.30,2.30,2300,-1
7117,118,25.30,2.20,2300,-1
7119,118,25.30,2.10,2300,-1
7120,118,25.30,2.00,2300,-1
7123,118,25.30,2.20,2300,-1
7126,118,25.30,2.10,2300,-2
7128,118,25.30,2.20,2300,-2
7130,118,25.30,2.10,2300,-2
7136,118,25.30,2.50,2300,-2
7137,118,25.30,2.40,2300,-2
7139,118,25.30,2.30,2300,-2
7141,118,25.30,2.40,2300,-2
7143,118,25.30,2.30,2300,-2
7146,118,25.30,2.30,2300,-2
7148,118,25.30,2.40,2300,-2
7151,118,25.30,2.30,2300,-2
7154,118,25.30,2.30,2300,-2
7156,118,25.30,2.40,2285,-2
7158,118,25.30,2.40,2285,-2
7161,118,25.30,2.30,2285,-3
7163,118,25.30,2.30,2285,-3
7166,118,25.30,2.20,2285,-3
7168,118,25.30,2.10,2285,-3
7171,118,25.30,2.20,2285,-3
7174,118,25.30,2.00,2285,-2
7176,118,25.30,2.00,2285,-2
7178,118,25.30,2.20,2285,-2
7181,118,25.30,2.10,2285,-2
7183,118,25.30,2.10,2285,-2
7186,118,25.30,2.00,2285,-1
7188,118,25.30,2.00,2285,-1
7191,118,25.30,2.10,2285,-1
7194,118,25.30,2.10,2285,-1
7196,118,25.31,2.20,2285,-2
7198,118,25.31,2.10,2285,-2
7201,118,25.30,2.30,2285,-2
7203,118,25.30,2.20,2285,-2
7206,118,25.30,2.10,2285,-2
7209,118,25.30,2.20,2285,-2
7211,118,25.30,2.30,2285,-2
7214,118,25.30,2.30,2300,-2
7216,118,25.30,2.30,2300,-2
7219,118,25.30,2.20,2300,-2
7221,118,25.30,2.30,2300,-2
7224,118,25.30,2.30,2300,-2
7226,118,25.30,2.20,2300,-2
7229,118,25.30,2.20,2300,-2
7231,118,25.30,2.20,2300,-2
7234,118,25.30,2.20,2300,-2
7236,118,25.30,2.10,2300,-2
7239,118,25.30,2.10,2300,-2
7241,118,25.30,2.20,2300,-2
7244,118,25.30,2.00,2300,-1
7246,118,25.30,2.00,2300,-1
7249,118,25.30,2.00,2300,-1
7251,118,25.31,2.10,2300,-1
7254,118,25.31,2.00,2300,-2
7256,118,25.30,2.20,2300,-2
7259,118,25.30,2.10,2300,-2
7261,118,25.30,2.00,2300,-2
7264,118,25.30,2.20,2300,-2
7267,118,25.30,2.30,2285,-2
7269,118,25.30,2.20,2285,-2
7271,118,25.30,2.30,2285,-2
7274,118,25.30,2.30,2285,-2
7276,118,25.30,2.40,2285,-2
7279,118,25.30,2.40,2285,-2
7282,118,25.30,2.30,2285,-2
7284,118,25.30,2.60,2285,-2
7287,118,25.30,2.40,2285,-2
7289,118,25.30,2.40,2285,-2
7292,118,25.31,2.30,2285,-2
7294,118,25.31,2.20,2285,-2
7297,118,25.31,2.30,2285,-2
7299,118,25.30,2.40,2285,-2
7302,118,25.30,2.40,2285,-2
7304,118,25.30,2.30,2285,-2
7307,118,25.30,2.30,2285,-2
7309,118,25.30,2.40,2285,-2
7312,118,25.30,2.30,2285,-2
7314,118,25.30,2.20,2285,-2
7317,118,25.31,2.20,2285,-2
7319,118,25.31,2.40,2285,-2
7322,118,25.31,2.30,2285,-2
7324,118,25.30,2.10,2285,-2
7327,118,25.30,2.20,2285,-2
7329,118,25.30,2.30,2285,-2
7332,118,25.30,2.20,2285,-2
7334,118,25.30,2.20,2271,-2
7337,118,25.30,2.20,2271,-2
7339,118,25.30,2.20,2271,-2
7342,118,25.30,2.40,2271,-2
7344,118,25.30,2.30,2271,-2
7347,118,25.30,2.20,2271,-2
7350,118,25.31,2.20,2271,-2
7352,118,25.30,2.10,2285,-2
7355,118,25.30,2.00,2285,-2
7357,118,25.30,2.00,2285,-2
7360,118,25.30,2.00,2285,-2
7362,118,25.30,2.10,2285,-2
7365,118,25.31,2.00,2285,-2
7367,118,25.30,2.00,2285,-2
7370,118,25.31,2.00,2285,-2
7372,118,25.31,1.90,2285,-2
7375,118,25.30,2.00,2285,-2
7377,118,25.31,2.00,2285,-2
7380,118,25.31,2.10,2285,-2
7382,118,25.30,2.10,2285,-2
7385,118,25.30,2.10,2285,-2
7387,118,25.30,2.00,2285,-2
7390,118,25.30,2.20,2285,-2
7392,118,25.30,2.20,2285,-2
7395,118,25.30,2.20,2285,-2
7397,118,25.31,2.20,2285,-2
7400,118,25.30,2.20,2285,-2
7402,118,25.30,2.20,2285,-2
7405,118,25.30,2.20,2285,-2
7408,118,25.30,2.20,2285,-2
7410,118,25.31,2.20,2285,-2
7412,118,25.31,2.20,2285,-2
7415,118,25.30,2.10,2285,-2
7418,118,25.30,2.00,2285,-2
7420,118,25.31,2.30,2285,-2
7422,118,25.31,2.10,2285,-2
7425,118,25.31,2.10,2285,-2
7428,118,25.30,2.10,2285,-2
7430,118,25.30,2.20,2285,-3
7433,118,25.30,2.40,2285,-3
7435,118,25.31,2.30,2285,-3
7438,118,25.30,2.20,2285,-3
7440,118,25.30,2.10,2285,-3
7443,118,25.30,2.30,2285,-2
7445,118,25.30,2.30,2285,-2
7448,118,25.31,2.20,2285,-2
7450,118,25.31,2.20,2285,-2
7453,118,25.30,2.20,2285,-2
7455,118,25.30,2.30,2285,-2
7458,118,25.30,2.20,2285,-2
7460,118,25.30,2.10,2285,-2
7463,118,25.30,2.30,2285,-2
7465,118,25.30,2.30,2285,-2
7468,118,25.30,2.20,2285,-2
7470,118,25.30,2.30,2285,-2
7476,118,25.31,2.20,2300,-2
7477,118,25.31,2.20,2300,-2
7479,118,25.30,2.20,2300,-2
7480,118,25.30,2.10,2300,-2
7483,118,25.30,2.40,2300,-2
7485,118,25.31,2.30,2300,-2
7488,118,25.30,2.10,2300,-2
7490,118,25.30,2.00,2300,-2
7496,118,25.30,2.10,2285,-2
7497,118,25.30,2.20,2285,-2
7499,118,25.30,2.10,2285,-1
7501,118,25.30,2.30,2285,-1
7503,118,25.30,2.30,2285,-1
7506,118,25.30,2.30,2285,-1
7508,118,25.31,2.20,2285,-1
7511,118,25.31,2.20,2285,-2
7514,118,25.30,2.10,2285,-2
7516,118,25.30,2.10,2285,-2
7518,118,25.30,2.10,2285,-2
7521,118,25.30,2.10,2285,-2
7523,118,25.30,2.20,2285,-2
7526,118,25.30,2.10,2285,-2
7528,118,25.31,1.90,2271,-2
7531,118,25.31,1.80,2271,-2
7534,118,25.30,1.80,2271,-2
7536,118,25.30,2.10,2271,-2
7538,118,25.30,2.00,2271,-2
7541,118,25.30,1.90,2271,-2
7543,118,25.30,1.90,2285,-2
7546,118,25.30,2.00,2285,-2
7548,118,25.30,2.00,2285,-2
7551,118,25.30,1.90,2285,-2
7554,118,25.30,2.10,2285,-2
7556,118,25.30,2.20,2285,-2
7559,118,25.31,2.10,2285,-2
7561,118,25.30,2.10,2271,-2
7563,118,25.30,2.00,2271,-2
7566,118,25.30,2.10,2271,-2
7568,118,25.30,2.00,2271,-2
7571,118,25.31,2.10,2271,-2
7574,118,25.31,2.20,2271,-2
7576,118,25.31,2.20,2271,-2
7579,118,25.30,2.10,2285,-2
7581,118,25.30,2.00,2285,-1
7584,118,25.31,1.90,2285,-1
7586,118,25.31,2.30,2285,-1
7589,118,25.31,2.20,2285,-1
7591,118,25.30,2.20,2285,-1
7594,118,25.30,2.10,2285,-2
7596,118,25.30,2.10,2285,-2
7599,118,25.30,2.30,2271,-2
7601,118,25.30,2.20,2271,-2
7604,118,25.30,2.20,2271,-2
7606,118,25.31,2.40,2271,-2
7609,118,25.31,2.30,2271,-2
7611,118,25.31,2.30,2271,-2
7614,118,25.30,2.30,2271,-2
7616,118,25.30,2.30,2257,-2
7619,118,25.30,2.20,2257,-2
7621,118,25.30,2.40,2257,-2
7624,118,25.30,2.30,2257,-2
7626,118,25.30,2.50,2257,-2
7629,118,25.31,2.40,2257,-2
7631,118,25.31,2.50,2285,-2
7634,118,25.31,2.40,2285,-2
7636,118,25.31,2.30,2285,-2
7639,118,25.31,2.20,2285,-2
7641,118,25.30,2.40,2285,-2
7644,118,25.30,2.50,2285,-2
7647,118,25.30,2.30,2285,-2
7649,118,25.30,2.50,2285,-2
7652,118,25.30,2.70,2285,-1
7654,118,25.30,2.50,2285,-1
7657,118,25.30,2.40,2285,-1
7659,118,25.30,2.40,2285,-1
7662,118,25.30,2.60,2285,-1
7664,118,25.31,2.50,2285,-1
7667,118,25.30,2.50,2285,-1
7669,118,25.30,2.50,2271,-1
7672,118,25.30,2.40,2271,-1
7674,118,25.30,2.50,2271,-2
7677,118,25.30,2.60,2271,-2
7679,118,25.30,2.50,2271,-2
7682,118,25.31,2.40,2271,-2
7684,118,25.31,2.50,2271,-2
7687,118,25.30,2.60,2257,-2
7689,118,25.30,2.40,2257,-2
7692,118,25.31,2.30,2257,-2
7694,118,25.31,2.50,2257,-2
7697,118,25.30,2.50,2257,-2
7700,118,25.31,2.40,2257,-2
7702,118,25.31,2.40,2257,-2
7704,118,25.31,2.40,2271,-2
7707,118,25.31,2.40,2271,-2
7710,118,25.31,2.40,2271,-2
7712,118,25.31,2.30,2271,-2
7714,118,25.31,2.30,2271,-2
7717,118,25.30,2.40,2271,-2
7720,118,25.30,2.40,2271,-2
7722,118,25.30,2.30,2271,-2
7725,118,25.30,2.20,2285,-2
7727,118,25.31,2.20,2285,-2
7730,118,25.31,2.50,2285,-2
7732,118,25.31,2.40,2285,-2
7735,118,25.31,2.30,2285,-2
7737,118,25.31,2.20,2285,-2
7740,118,25.30,2.20,2285,-2
7742,118,25.30,2.10,2285,-2
7745,118,25.31,2.10,2285,-2
7747,118,25.31,2.10,2285,-2
7750,118,25.30,2.20,2285,-2
7752,118,25.31,2.20,2285,-2
7755,118,25.31,2.00,2285,-2
7757,118,25.31,2.00,2285,-2
7760,118,25.30,2.10,2285,-2
7762,118,25.30,2.10,2285,-2
7765,118,25.30,2.20,2285,-2
7767,118,25.30,2.20,2285,-1
7770,118,25.30,2.20,2285,-1
7772,118,25.31,2.10,2285,-1
7775,118,25.31,2.00,2285,-1
7777,118,25.31,2.00,2285,-1
7780,118,25.31,2.00,2285,-1
7782,118,25.31,1.80,2285,-1
7785,118,25.30,1.90,2285,-1
7788,118,25.30,1.90,2285,-1
7790,118,25.31,2.00,2285,-1
7793,118,25.31,1.90,2285,-2
7795,118,25.30,1.90,2285,-2
7798,118,25.30,2.00,2285,-2
7800,118,25.30,2.00,2285,-2
7803,118,25.31,2.00,2285,-2
7805,118,25.31,2.00,2285,-2
7808,118,25.31,1.90,2285,-2
7810,118,25.31,2.10,2285,-2
7813,118,25.30,2.20,2285,-2
7815,118,25.30,2.10,2285,-2
7818,118,25.31,1.90,2285,-2
7820,118,25.31,2.00,2285,-2
7823,118,25.30,2.20,2285,-2
7825,118,25.30,2.10,2285,-2
7828,118,25.31,2.10,2285,-2
7830,118,25.31,2.20,2285,-2
7833,118,25.31,2.20,2285,-2
7835,118,25.30,2.10,2285,-2
7838,118,25.31,2.10,2285,-1
7840,118,25.31,2.20,2285,-1
7843,118,25.31,2.30,2285,-1
7845,118,25.30,2.20,2285,-1
7848,118,25.30,2.00,2285,-1
7851,118,25.31,2.20,2285,-1
7856,118,25.30,2.40,2285,-1
7857,118,25.30,2.40,2285,-1
7859,118,25.30,2.40,2285,-1
7861,118,25.30,2.30,2285,-1
7863,118,25.30,2.20,2285,-2
7866,118,25.31,2.30,2285,-2
7868,118,25.30,2.40,2285,-2
7871,118,25.30,2.40,2285,-2
7874,118,25.31,2.20,2285,-1
7876,118,25.31,2.30,2285,-1
7878,118,25.31,2.50,2285,-1
7881,118,25.31,2.40,2285,-1
7883,118,25.31,2.30,2285,-1
7886,118,25.31,2.30,2285,-2
7888,118,25.31,2.50,2285,-2
7891,118,25.31,2.40,2285,-2
7894,118,25.30,2.30,2271,-2
7896,118,25.30,2.30,2271,-1
7898,118,25.30,2.40,2271,-1
7901,118,25.30,2.50,2271,-1
7903,118,25.30,2.40,2271,-1
7906,118,25.30,2.40,2271,-1
7908,118,25.30,2.30,2271,-2
7911,118,25.30,2.30,2271,-2
7914,118,25.30,2.30,2271,-2
7916,118,25.31,2.20,2271,-2
7918,118,25.27,2.10,2271,-2
7921,118,25.27,2.30,2271,-2
7923,118,25.31,2.20,2271,-2
7926,118,25.31,2.30,2271,-2
7928,118,25.31,2.20,2271,-2
7931,118,25.31,2.20,2271,-2
7934,118,25.30,2.20,2271,-2
7936,118,25.31,2.30,2271,-2
7939,118,25.31,2.30,2271,-2
7941,118,25.31,2.20,2271,-2
7944,118,25.30,2.30,2271,-2
7946,118,25.30,2.30,2271,-2
7949,118,25.30,2.30,2271,-2
7951,118,25.30,2.20,2271,-2
7954,118,25.31,2.20,2271,-2
7956,118,25.31,2.20,2271,-1
7959,118,25.30,2.10,2271,-1
7961,118,25.30,2.10,2271,-1
7964,118,25.31,2.20,2300,-1
7966,118,25.31,2.10,2300,-1
7969,118,25.30,2.20,2300,-1
7971,118,25.30,2.10,2300,-1
7974,118,25.30,2.20,2300,-1
7976,118,25.31,2.10,2300,-1
7979,118,25.30,2.10,2300,-2
7981,118,25.30,2.20,2271,-2
7984,118,25.30,2.20,2271,-2
7986,118,25.31,2.20,2271,-2
7989,118,25.31,2.20,2271,-2
7992,118,25.31,2.10,2271,-2
7994,118,25.31,2.20,2271,-2
7996,118,25.31,2.30,2271,-2
7999,118,25.31,2.10,2271,-2
8002,1547,25.31,2.00,2285,-2
8004,1547,25.30,2.00,2285,-2
8007,1547,25.30,2.30,2285,-2
8009,1547,25.30,2.10,2285,-2
8012,1547,25.31,2.00,2285,-2
8015,1547,25.31,2.10,2285,-2
8017,1547,25.30,2.10,2285,-2
8020,1547,25.30,2.00,2285,-2
8022,1547,25.31,2.10,2285,-2
8025,1547,25.31,1.90,2285,-2
8028,1547,25.31,23.40,2285,-2
8032,1547,22.85,185.30,11728,-2
8035,1547,22.92,202.50,11728,-2
8036,1547,23.43,207.80,11728,-1
8039,1547,23.76,217.50,11728,-1
8042,1547,23.76,210.70,11728,-1
8045,1547,23.94,209.70,11728,-1
8047,1547,24.15,203.10,21585,-1
8050,1547,24.25,203.30,21585,-2
8054,1547,24.42,187.00,21585,-2
8056,1547,24.52,172.50,21585,-2
8059,1547,24.60,159.20,21585,-2
8062,1547,24.60,157.00,21585,-3
8065,1547,24.70,155.40,21585,-3
8067,1547,24.67,145.70,27557,-3
8070,1547,24.81,136.70,27557,-3
8074,1547,24.84,130.80,27557,-2
8076,1547,24.93,123.90,27557,-2
8079,1547,24.91,116.40,27557,-2
8082,1547,24.92,110.50,27557,-2
8085,1547,24.92,108.40,30500,-1
8087,1547,24.94,104.40,30500,-1
8090,1547,24.97,99.50,30500,-1
8094,1547,25.01,93.90,30500,-1
8096,1547,25.03,89.60,30500,-1
8099,1547,25.01,87.20,30500,-1
8101,1547,25.06,82.40,31857,-1
8104,1547,25.08,78.40,31857,-1
8107,1547,25.08,77.60,31857,0
8110,1547,25.05,74.50,31857,0
8112,1547,25.05,71.20,31857,0
8115,1547,25.07,70.50,31857,0
8118,1547,25.08,66.60,31857,2
8120,1547,25.07,63.20,30600,2
8123,1547,25.08,59.70,30600,2
8126,1547,25.09,59.50,30600,2
8129,1547,25.08,58.40,30600,2
8139,1547,25.12,42.20,32585,4
8141,1547,25.11,42.30,32342,3
8143,1547,25.12,40.20,32342,3
8145,1547,25.13,40.10,32342,3
8147,1547,25.11,38.80,32342,3
8149,1547,25.13,38.40,32342,3
8151,1547,25.12,38.40,32342,3
8157,1547,25.13,35.20,32828,1
8159,1547,25.11,33.60,32828,1
8161,1547,25.13,34.20,32828,1
8163,1547,25.13,32.70,32828,1
8165,1547,25.14,31.80,32828,0
8167,1547,25.12,32.00,32828,0
8169,1547,25.15,30.20,32828,0
8171,1547,25.16,29.50,32714,0
8177,1547,25.15,27.80,32714,-2
8179,1547,25.11,28.50,32714,-2
8181,1547,25.12,27.30,32714,-2
8183,1547,25.17,27.10,32714,-2
8185,1547,25.15,27.30,32714,-2
8187,1547,25.16,25.70,32457,-2
8189,1547,25.14,25.80,32457,-1
8191,1547,25.15,26.50,32457,-1
8194,1547,25.15,25.10,32457,-1
8197,1547,25.16,24.80,32457,-1
8200,1547,25.15,25.40,32457,-1
8202,1547,25.15,25.60,32457,-1
8205,1547,25.14,24.30,32457,-1
8208,1547,25.15,25.60,32828,-1
8211,1547,25.16,23.60,32828,-1
8214,1547,25.16,25.20,32828,-2
8216,1547,25.15,24.70,32828,-2
8219,1547,25.15,24.10,32828,-2
8222,1547,25.16,24.60,32828,-2
8225,1547,25.15,25.10,32828,-1
8227,1547,25.15,23.40,32585,-1
8230,1547,25.16,24.80,32585,-1
8233,1547,25.15,23.70,32585,-1
8236,1547,25.16,23.80,32585,-1
8238,1547,25.13,24.30,32585,-1
8241,1547,25.16,22.50,32585,-1
8244,1547,25.17,24.20,32585,-1
8247,1547,25.16,23.70,32585,-2
8249,1547,25.14,23.20,32585,-2
8252,1547,25.18,23.80,32585,-2
8255,1547,25.16,22.30,32585,-2
8260,1547,25.16,22.90,33342,-2
8262,1547,25.17,21.90,33342,-2
8264,1547,25.17,21.20,33342,-2
8266,1547,25.16,22.40,33342,-2
8269,1547,25.17,22.60,33742,-2
8272,1547,25.18,21.20,33742,-1
8275,1547,25.16,21.90,33742,-1
8277,1547,25.16,22.40,33742,-1
8280,1547,25.19,21.50,33742,-1
8283,1547,25.18,20.60,33742,0
8285,1547,25.16,21.70,33742,0
8288,1547,25.16,20.90,32714,0
8291,1547,25.15,20.20,32714,0
8294,1547,25.16,20.40,32714,-1
8296,1547,25.18,19.80,32714,-1
8299,1547,25.18,20.20,32714,-1
8302,1547,25.16,21.40,32714,-1
8305,1547,25.16,20.80,32714,-1
8307,1547,25.17,20.40,32714,-1
8310,1547,25.14,22.00,32714,-1
8316,1547,25.15,21.00,32585,-1
8317,1547,25.15,20.80,32585,-1
8319,1547,25.16,19.60,32585,-1
8321,1547,25.16,19.00,32585,-1
8324,1547,25.16,19.70,32585,-1
8327,1547,25.18,20.70,32585,-1
8330,1547,25.15,19.80,32585,-1
8332,1547,25.18,19.70,32585,-1
8335,1547,25.15,21.10,32714,-1
8338,1547,25.07,20.20,32714,-1
8341,1547,25.07,19.60,32714,-2
8343,1547,25.16,20.10,32714,-2
8346,1547,25.16,21.50,32714,-2
8349,1547,25.16,20.40,32714,-2
8352,1547,25.13,20.10,32714,-2
8355,1547,25.17,21.90,33742,-2
8357,1547,25.16,21.00,33742,-2
8360,1547,25.16,20.70,33742,-2
8363,1547,25.16,21.70,33742,-1
8366,1547,25.16,22.50,33742,-1
8368,1547,25.15,21.80,33742,-1
8371,1547,25.19,20.40,33742,-1
8374,1547,25.16,22.00,32100,-1
8377,1547,25.17,21.20,32100,-1
8380,1547,25.18,21.10,32100,-1
8382,1547,25.15,23.00,32100,-1
8385,1547,25.16,22.20,32100,-1
8388,1547,25.16,21.50,32100,-2
8391,1547,25.16,22.20,33085,-2
8394,1547,25.19,22.60,33085,-2
8396,1547,25.16,21.30,33085,-2
8399,1547,25.17,21.30,33085,-1
8402,1547,25.16,22.10,33085,-1
8405,1547,25.15,20.50,33085,-1
8407,1547,25.17,20.20,33342,-1
8410,1547,25.17,20.50,33342,-1
8416,1547,25.16,20.70,32957,-1
8417,1547,25.16,20.50,32957,-1
8419,1547,25.17,19.30,32957,-1
8421,1547,25.17,19.00,32957,-1
8424,1547,25.16,19.60,32957,-1
8427,1547,25.18,20.30,32957,-1
8430,1547,25.17,19.40,33600,-1
8432,1547,25.16,19.10,33600,-1
8435,1547,25.16,20.80,33600,-1
8438,1547,25.16,20.20,33600,-1
8441,1547,25.18,19.50,33600,-1
8443,1547,25.17,18.90,33600,-1
8446,1547,25.16,20.60,33600,-1
8449,1547,25.16,19.80,33871,-1
8452,1547,25.16,18.70,33871,-1
8455,1547,25.17,20.40,33871,-1
8457,1547,25.16,19.90,33871,-1
8460,1547,25.20,18.40,33871,-1
8463,1547,25.16,18.70,33871,-1
8466,1547,25.19,19.60,33871,-1
8469,1547,25.16,19.90,32957,-1
8471,1547,25.15,18.20,32957,-1
8474,1547,25.16,19.30,32957,-1
8477,1547,25.16,19.80,32957,-1
8480,1547,25.15,18.60,32957,-2
8482,1547,25.16,19.30,32957,-2
8485,1547,25.16,20.30,33342,-2
8490,1547,25.18,18.10,32957,-2
8492,1547,25.15,19.10,32957,-1
8495,1547,25.19,18.70,32957,-1
8496,1547,25.16,18.20,32957,-1
8499,1547,25.17,17.80,32957,-1
8502,1547,25.17,17.80,32957,-1
8505,1547,25.16,19.20,32957,0
8507,1547,25.16,18.50,32957,0
8510,1547,25.19,17.70,33342,0
8513,1547,25.16,19.10,33342,0
8515,1547,25.18,18.90,33342,-1
8518,1547,25.18,17.80,33342,-1
8521,1547,25.16,19.20,33342,-1
8524,1547,25.16,19.90,33342,-1
8527,1547,25.12,20.90,33342,-1
8529,1547,25.19,21.80,33342,-1
8532,1547,25.16,20.80,33342,-1
8535,1547,25.16,20.90,33342,-1
8538,1547,25.18,21.40,33342,-1
8540,1547,25.16,22.20,33342,-1
8543,1547,25.16,20.90,32957,-1
8546,1547,25.16,19.90,32957,-1
8549,1547,25.16,21.80,32957,-1
8552,1547,25.17,21.10,32957,-1
8554,1547,25.16,20.00,32957,-1
8557,1547,25.16,21.30,33471,-1
8560,1547,25.16,21.10,33471,-1
8563,1547,25.16,19.60,33471,0
8565,1547,25.18,20.80,33471,0
8568,1547,25.16,21.00,33471,0
8571,1547,25.16,19.80,33471,0
8574,1547,25.16,20.20,33214,-1
8576,1547,25.19,20.90,33214,-1
8579,1547,25.16,20.00,33214,-1
8582,1547,25.16,19.30,33214,-1
8585,1547,25.18,19.10,33214,-1
8587,1547,25.18,20.30,33214,-1
8590,1547,25.17,19.40,33214,-1
8593,1547,25.17,18.20,34000,-1
8596,1547,25.14,18.70,34000,-1
8598,1547,25.16,18.50,34000,-1
8601,1547,25.18,17.30,34000,-1
8604,1547,25.16,18.50,34000,-1
8607,1547,25.19,19.00,34000,-1
8610,1547,25.20,17.30,33342,-1
8612,1547,25.15,18.70,33342,-1
8615,1547,25.17,19.30,33342,-1
8618,1547,25.15,18.10,33342,-1
8621,1547,25.17,20.00,33342,-1
8623,1547,25.16,20.70,33342,-1
8626,1547,25.16,21.50,33342,-1
8629,1547,25.17,20.30,32714,-1
8632,1547,25.17,20.70,32714,-1
8634,1547,25.14,21.90,32714,-1
8637,1547,25.19,20.60,32714,-1
8640,1547,25.16,20.20,32714,-1
8643,1547,25.15,21.70,33600,-1
8646,1547,25.16,21.60,33600,-1
8648,1547,25.16,20.90,33600,-1
8651,1547,25.18,20.70,33600,-1
8654,1547,25.16,22.30,33600,-1
8657,1547,25.13,20.70,33600,-1
8659,1547,25.17,20.20,33600,-1
8662,1547,25.14,21.60,34285,-1
8665,1547,25.18,20.30,34285,-1
8668,1547,25.15,19.50,34285,-2
8671,1547,25.15,19.60,34285,-2
8674,1547,25.16,20.80,34285,-2
8676,1547,25.16,19.70,34285,-2
8679,1547,25.16,21.10,33471,-1
8682,1547,25.17,20.50,33471,-1
8684,1547,25.17,19.30,33471,-1
8687,1547,25.16,20.40,33471,-1
8690,1547,25.16,20.90,33471,-1
8693,1547,25.16,20.90,33471,-1
8696,1547,25.18,19.40,32714,-1
8700,1547,25.18,18.90,33214,-1
8702,1547,25.18,19.40,33214,-2
8704,1547,25.15,19.30,33214,-2
8707,1547,25.16,18.20,33214,-2
8709,1547,25.16,18.00,33214,-2
8712,1547,25.12,19.30,33214,-2
8715,1547,25.15,19.10,33214,-1
8718,1547,25.15,18.50,33214,-1
8721,1547,25.17,17.90,33214,-1
8723,1547,25.18,19.40,33214,-1
8726,1547,25.16,20.30,33214,-1
8729,1547,25.19,18.70,33214,-1
8732,1547,25.18,19.70,33214,-1
8734,1547,25.15,20.70,32957,-1
8737,1547,25.15,19.30,32957,-1
8740,1547,25.15,19.10,32957,-1
8743,1547,25.16,19.30,32957,-1
8746,1547,25.14,20.70,32957,-1
8748,1547,25.16,19.40,32957,0
8751,1547,25.18,19.10,32342,0
8754,1547,25.15,20.50,32342,0
8756,1547,25.16,20.80,32342,0
8759,1547,25.17,19.30,32342,0
8762,1547,25.17,20.40,32342,-1
8765,1547,25.16,20.80,32342,-1
8767,1547,25.16,21.40,32342,-1
8770,1547,25.17,19.60,32342,-1
8776,1547,25.16,20.70,32342,0
8777,1547,25.16,20.70,32342,0
8779,1547,25.16,19.80,32100,0
8781,1547,25.16,19.20,32100,0
8784,1547,25.16,19.20,32100,0
8786,1547,25.16,20.10,32100,0
8789,1547,25.16,20.60,32100,0
8792,1547,25.17,19.30,32100,0
8794,1547,25.17,19.40,32100,0
8797,1547,25.16,20.30,33085,0
8800,1547,25.16,20.20,33085,0
8803,1547,25.17,19.70,33085,0
8805,1547,25.17,18.80,33085,0
8808,1547,25.16,20.20,33085,0
8811,1547,25.16,20.30,33085,0
8814,1547,25.18,18.70,33085,0
8816,1547,25.16,19.80,33214,0
8819,1547,25.16,20.60,33214,-1
8821,1547,25.16,19.20,33214,-1
8824,1547,25.16,18.80,33214,-1
8827,1547,25.16,19.20,33214,-1
8830,1547,25.15,20.30,33214,-1
8833,1547,25.18,19.70,33214,-1
8835,1547,25.16,18.70,33085,-1
8838,1547,25.16,20.00,33085,-1
8841,1547,25.15,19.30,33085,-1
8844,1547,25.18,18.10,33085,0
8846,1547,25.18,18.20,33085,0
8849,1547,25.16,18.80,33085,0
8852,1547,25.15,19.60,33085,0
8855,1547,25.18,18.00,33471,-1
8857,1547,25.16,18.40,33471,-1
8860,1547,25.16,19.30,33471,-1
8863,1547,25.17,17.80,33471,-1
8866,1547,25.17,18.00,33471,-1
8868,1547,25.17,18.30,33471,-1
8871,1547,25.17,18.60,33471,-1
8874,1547,25.18,18.40,33742,-1
8877,1547,25.18,17.60,33742,0
8879,1547,25.16,18.60,33742,0
8882,1547,25.17,18.40,33742,0
8885,1547,25.17,17.50,33742,0
8887,1547,25.17,18.60,33342,0
8890,1547,25.17,19.70,33342,0
8893,1547,25.18,19.70,33342,0
8895,1547,25.16,18.30,33342,0
8898,1547,25.15,19.00,33342,0
8903,1547,25.16,20.90,32342,0
8905,1547,25.10,19.70,31971,0
8907,1547,25.17,20.20,31971,0
8909,1547,25.19,21.10,31971,0
8912,1547,25.16,21.20,31971,-1
8915,1547,25.15,19.40,31971,-1
8917,1547,25.15,19.40,31971,-1
8920,1547,25.16,20.50,31971,-1
8923,1547,25.16,20.90,31971,-1
8926,1547,25.16,19.00,32957,-1
8928,1547,25.19,19.50,32957,-1
8931,1547,25.17,20.00,32957,-1
8934,1547,25.15,19.20,32957,-1
8937,1547,25.17,18.60,32957,-1
8939,1547,25.15,19.70,32957,-1
8942,1547,25.15,20.00,32957,-1
8945,1547,25.17,18.80,31971,-1
8948,1547,25.15,18.60,31971,-1
8951,1547,25.16,19.80,31971,-1
8954,1547,25.15,19.10,31971,-1
8956,1547,25.19,17.90,31971,-1
8959,1547,25.16,18.90,33214,-2
8962,1547,25.16,19.10,33214,-2
8964,1547,25.16,18.60,33214,-2
8967,1547,25.18,17.60,33214,-2
8970,1547,25.16,18.80,33214,-1
8973,1547,25.16,19.10,33214,-1
8976,1547,25.16,18.20,33214,-1
8978,1547,25.16,18.50,33600,-1
8983,1547,25.13,19.30,33600,-1
8985,1547,25.18,18.10,33214,-1
8987,1547,25.15,18.50,33214,-1
8989,1547,25.18,19.80,33214,-1
8992,1547,25.16,20.50,33214,-1
8995,1547,25.18,19.00,33214,0
8998,1547,25.16,18.70,33214,0
9000,1547,25.16,19.60,33214,0
9003,1547,25.16,21.10,33471,0
9006,1547,25.16,20.00,33471,-1
9008,1547,25.17,19.40,33471,-1
9011,1547,25.17,21.20,33471,-1
9014,1547,25.16,20.80,33471,-1
9017,1547,25.16,19.20,33471,-1
9020,1547,25.16,20.20,33471,-1
9022,1547,25.16,20.70,32714,-1
9025,1547,25.16,21.20,32714,-1
9028,1547,25.15,19.40,32714,-1
9031,1547,25.19,19.90,32714,-2
9034,1547,25.17,21.20,32714,-2
9036,1547,25.16,19.60,32714,-2
9039,1547,25.21,19.50,34000,-2
9042,1547,25.18,20.70,34000,0
9045,1547,25.18,20.80,34000,0
9047,1547,25.15,20.20,34000,0
9050,1547,25.17,19.00,34000,0
9053,1547,25.18,20.60,34000,0
9055,1547,25.15,20.40,34000,0
9058,1547,25.17,18.80,31157,0
9061,1547,25.21,19.90,31157,0
9063,1547,25.16,20.30,31157,-1
9066,1547,25.16,19.20,31157,-1
9069,1547,25.16,19.50,31157,-1
9072,1547,25.16,20.70,31157,-1
9074,1547,25.16,20.00,33471,-1
9077,1547,25.16,18.80,33471,-1
9080,1547,25.16,20.40,33471,-1
9083,1547,25.16,19.70,33471,-1
9086,1547,25.16,19.10,33471,-1
9088,1547,25.16,18.70,33471,-1
9091,1547,25.16,19.80,33471,-1
9094,1547,25.17,20.00,33342,-1
9097,1547,25.18,18.50,33342,-1
9100,1547,25.16,19.10,33342,-1
9102,1547,25.16,20.00,33342,-1
9105,1547,25.16,18.80,33342,-1
9108,1547,25.16,18.20,33342,-1
9111,1547,25.16,18.70,31742,0
9114,1547,25.19,19.60,31742,0
9116,1547,25.18,18.30,31742,0
9119,1547,25.16,19.60,31742,0
9121,1547,25.16,19.20,31742,0
9124,1547,25.17,18.00,33471,0
9127,1547,25.15,18.20,33471,0
9129,1547,25.15,19.00,33471,0
9132,1547,25.23,18.70,33471,0
9135,1547,25.17,17.30,33471,-1
9138,1547,25.16,17.10,33471,-1
9140,1547,25.16,18.80,33471,-1
9143,1547,25.16,18.50,33742,-1
9146,1547,25.16,17.70,33742,-2
9149,1547,25.14,20.20,33742,-2
9151,1547,25.17,20.80,33742,-2
9154,1547,25.19,20.50,33742,-2
9157,1547,25.17,19.30,33742,-1
9160,1547,25.16,19.00,33742,-1
9163,1547,25.17,21.00,33214,-1
9165,1547,25.15,20.20,33214,-1
9168,1547,25.15,20.20,33214,0
9171,1547,25.19,21.30,33214,0
9174,1547,25.16,22.10,33214,0
9176,1547,25.16,21.90,33214,0
9179,1547,25.16,20.20,33214,0
9182,1547,25.17,21.40,33871,0
9184,1547,25.16,22.60,33871,0
9187,1547,25.16,20.90,33871,0
9190,1547,25.18,21.40,33871,0
9192,1547,25.14,21.90,33871,-3
9195,1547,25.17,20.60,33871,-3
9198,1547,25.17,20.00,33600,-3
9201,1547,25.19,20.10,33600,-3
9204,1547,25.15,21.90,33600,-1
9206,1547,25.16,20.40,33600,-1
9209,1547,25.16,19.50,33600,-1
9212,1547,25.16,20.70,33600,-1
9215,1547,25.15,20.20,33742,-1
9217,1547,25.16,19.00,33742,-1
9220,1547,25.14,18.60,33742,-1
9223,1547,25.18,19.60,33742,-1
9226,1547,25.18,20.40,33742,-1
9229,1547,25.14,18.80,33742,-1
9231,1547,25.18,19.70,32585,-1
9234,1547,25.16,18.70,32585,-1
9237,1547,25.16,17.90,32585,-1
9240,1547,25.15,18.50,32585,-2
9242,1547,25.16,19.00,32585,-2
9245,1547,25.16,19.50,32585,-2
9248,1547,25.16,18.00,32585,-2
9251,1547,25.18,18.90,33742,-2
9254,1547,25.16,19.50,33742,-2
9256,1547,25.16,18.30,33742,-2
9259,1547,25.17,18.20,33742,-2
9262,1547,25.16,19.70,33742,-1
9265,1547,25.17,19.60,33742,-1
9270,1547,25.17,18.60,33471,-1
9272,1547,25.16,19.20,33600,-1
9275,1547,25.16,19.10,33600,-1
9276,1547,25.16,18.70,33600,-1
9278,1547,25.16,18.00,33600,-1
9281,1547,25.16,18.20,33600,-1
9284,1547,25.14,19.40,33600,-1
9287,1547,25.17,19.60,33600,-1
9290,1547,25.16,18.10,33600,-1
9292,1547,25.17,19.20,33742,-1
9295,1547,25.15,20.00,33742,-1
9298,1547,25.14,18.60,33742,-1
9301,1547,25.14,18.10,33742,-1
9303,1547,25.16,17.80,33742,-1
9306,1547,25.16,19.90,33742,-1
9309,1547,25.18,18.70,33600,-1
9312,1547,25.14,18.20,33600,-1
9315,1547,25.16,19.20,33600,-1
9317,1547,25.16,19.50,33600,-1
9320,1547,25.19,17.90,33600,-2
9323,1547,25.19,17.90,33600,-2
9326,1547,25.17,18.10,33600,-2
9328,1547,25.18,19.80,33214,-2
9331,1547,25.16,19.00,33214,-2
9334,1547,25.16,18.60,33214,-2
9337,1547,25.15,20.00,33214,-2
9340,1547,25.18,19.50,33214,-2
9342,1547,25.16,17.70,33214,-2
9345,1547,25.17,18.10,33342,-2
9348,1547,25.16,18.70,33342,-2
9351,1547,25.17,18.50,33342,-2
9354,1547,25.18,17.30,33342,-2
9356,1547,25.18,17.20,33342,-1
9359,1547,25.16,18.80,33342,-1
9362,1547,25.16,17.50,33342,-1
9365,1547,25.17,17.60,32828,-1
9367,1547,25.16,19.00,32828,-1
9370,1547,25.15,19.50,32828,-1
9376,1547,25.15,20.30,34285,-1
9377,1547,25.18,19.80,34285,-1
9379,1547,25.15,18.60,34285,-1
9381,1547,25.15,18.00,34285,-1
9384,1547,25.16,18.80,34285,-1
9387,1547,25.16,20.10,33342,-1
9390,1547,25.14,19.30,33342,-1
9392,1547,25.17,17.80,33342,-1
9395,1547,25.18,18.80,33342,-1
9398,1547,25.17,19.70,33342,-1
9401,1547,25.17,19.70,33342,-1
9404,1547,25.16,18.50,33342,-1
9406,1547,25.17,19.50,35714,-1
9409,1547,25.17,20.60,35714,-1
9412,1547,25.15,19.70,35714,-1
9415,1547,25.16,19.30,35714,-1
9417,1547,25.16,21.70,35714,-1
9420,1547,25.16,21.00,35714,-1
9423,1547,25.16,20.40,35128,-1
9426,1547,25.18,19.50,35128,-1
9428,1547,25.16,20.40,35128,-1
9431,1547,25.16,22.30,35128,-1
9434,1547,25.18,20.40,35128,-1
9437,1547,25.10,20.40,35128,-1
9440,1547,25.15,21.80,35128,-1
9442,1547,25.17,21.70,34971,-1
9445,1547,25.17,20.40,34971,-1
9448,1547,25.16,19.90,34971,-1
9451,1547,25.18,21.00,34971,-1
9456,1547,25.17,18.90,33342,-1
9457,1547,25.16,18.90,33342,-1
9459,1547,25.20,19.90,33342,-1
9462,1547,25.20,20.40,33342,-2
9465,1547,25.17,20.00,33342,-2
9467,1547,25.16,18.50,34000,-2
9470,1547,25.18,19.10,34000,-2
9475,1547,25.15,18.50,34000,-1
9476,1547,25.15,19.20,34000,-1
9478,1547,25.17,19.80,34000,-1
9481,1547,25.17,20.50,34000,-1
9484,1547,25.15,20.70,33085,-1
9487,1547,25.16,19.00,33085,-1
9490,1547,25.13,20.10,33085,-1
9492,1547,25.16,21.00,33085,-1
9495,1547,25.15,20.20,33085,-1
9498,1547,25.18,19.30,34414,-1
9501,1547,25.18,19.80,34414,-1
9503,1547,25.16,20.90,34414,-1
9506,1547,25.16,20.40,34414,-1
9509,1547,25.16,18.70,34414,-1
9512,1547,25.16,19.90,34414,-1
9515,1547,25.19,21.10,34414,-1
9517,1547,25.16,20.00,34557,-1
9520,1547,25.16,20.10,34557,-2
9523,1547,25.16,20.60,34557,-2
9526,1547,25.15,21.20,34557,-2
9528,1547,25.16,20.50,34557,-2
9531,1547,25.16,18.70,34557,-2
9534,1547,25.10,19.90,34557,-2
9537,1547,25.17,20.20,34000,-2
9540,1547,25.18,19.00,34000,-2
9542,1547,25.17,18.90,34000,-1
9545,1547,25.17,20.40,34000,-1
9548,1547,25.17,21.00,34000,-1
9551,1547,25.17,20.10,34000,-1
9554,1547,25.15,19.10,34000,-1
9556,1547,25.16,20.20,33871,-1
9559,1547,25.16,20.60,33871,-1
9562,1547,25.16,18.90,33871,-1
9565,1547,25.16,19.70,33871,-1
9567,1547,25.17,20.60,33871,-1
9570,1547,25.17,20.40,33871,-1
9576,1547,25.16,20.90,33471,-1
9577,1547,25.16,20.50,33471,-1
9578,1547,25.18,19.20,33471,-1
9581,1547,25.15,18.90,33471,-1
9584,1547,25.15,18.90,33471,-1
9587,1547,25.17,20.50,33471,-1
9590,1547,25.16,20.00,33471,-1
9592,1547,25.16,18.80,33471,-1
9595,1547,25.15,20.00,33214,-1
9598,1547,25.16,20.20,33214,-1
9601,1547,25.19,19.50,33214,-1
9603,1547,25.15,18.30,33214,-1
9606,1547,25.18,17.80,33214,-1
9611,1547,25.15,19.30,32214,-1
9617,1547,25.16,18.00,32214,-1
9619,1547,25.17,18.10,32214,-1
9621,1547,25.16,19.50,32214,-1
9623,1547,25.18,20.10,33085,-1
9625,1547,25.16,19.50,33085,0
9627,1547,25.16,18.30,33085,0
9629,1547,25.17,17.80,33085,0
9637,1547,25.16,17.70,33085,0
9639,1547,25.16,17.80,32100,0
9641,1547,25.14,19.10,32100,0
9643,1547,25.14,20.00,32100,0
9645,1547,25.16,19.20,32100,0
9647,1547,25.19,18.10,32100,0
9649,1547,25.16,18.00,32100,0
9651,1547,25.15,19.30,32100,0
9657,1547,25.17,18.00,33214,0
9659,1547,25.17,17.90,33214,0
9661,1547,25.16,19.10,33214,0
9663,1547,25.18,19.60,33214,0
9665,1547,25.18,18.80,33214,0
9667,1547,25.16,17.70,33214,0
9669,1547,25.19,17.50,33214,0
9671,1547,25.17,18.40,34000,-1
9674,1547,25.16,19.00,34000,-1
9677,1547,25.15,18.50,34000,-1
9680,1547,25.15,17.90,34000,-1
9683,1547,25.16,17.30,34000,-1
9685,1547,25.15,17.90,34000,-1
9688,1547,25.16,18.20,34000,-1
9691,1547,25.11,17.10,33600,-1
9694,1547,25.15,18.70,33600,-1
9696,1547,25.16,20.40,33600,-1
9699,1547,25.16,19.20,33600,-1
9702,1547,25.16,18.60,33600,-1
9705,1547,25.16,18.00,33600,-1
9708,1547,25.18,19.30,33600,-1
9710,1547,25.16,19.60,33600,-1
9716,1547,25.16,21.50,33600,-1
9717,1547,25.16,20.90,33600,-1
9719,1547,25.17,20.30,32957,-1
9721,1547,25.15,20.90,32957,-1
9724,1547,25.16,22.10,32957,-1
9727,1547,25.17,22.20,32957,-1
9730,1547,25.17,20.30,32957,-1
9732,1547,25.16,20.10,32957,-1
9735,1547,25.17,20.60,32957,-1
9738,1547,25.15,19.60,33471,-1
9741,1547,25.10,19.00,33471,-1
9744,1547,25.17,18.90,33471,-1
9746,1547,25.18,19.90,33471,-1
9749,1547,25.15,20.00,33471,-1
9752,1547,25.14,19.00,33471,-1
9755,1547,25.16,19.00,33471,-1
9757,1547,25.17,20.50,33871,-1
9760,1547,25.15,19.90,33871,-1
9763,1547,25.16,19.30,33871,-1
9766,1547,25.16,18.30,33871,-1
9769,1547,25.18,19.30,33871,-1
9771,1547,25.14,20.30,33871,-1
9774,1547,25.15,19.10,33600,-1
9777,1547,25.17,18.30,33600,-1
9780,1547,25.16,19.40,33600,-1
9782,1547,25.16,19.90,33600,-1
9785,1547,25.15,19.00,33600,-1
9788,1547,25.15,18.40,33600,-1
9791,1547,25.16,18.20,33600,-1
9794,1547,25.16,19.50,32585,-1
9796,1547,25.15,19.10,32585,-1
9799,1547,25.16,17.90,32585,-1
9802,1547,25.16,19.10,32585,-1
9805,1547,25.16,20.00,32585,-1
9807,1547,25.15,19.10,32585,-1
9810,1547,25.17,18.80,32585,-1
9816,1547,25.17,19.20,33742,-1
9817,1547,25.19,18.60,33742,-1
9819,1547,25.16,18.00,33742,-1
9821,1547,25.16,18.10,33742,-1
9824,1547,25.16,19.40,33742,-1
9827,1547,25.17,19.50,33742,-1
9830,1547,25.17,17.80,33742,-1
9832,1547,25.18,17.40,33342,-1
9837,1547,25.16,17.20,33342,-1
9839,1547,25.17,17.60,33342,-1
9841,1547,25.16,18.30,33342,-1
9844,1547,25.16,18.80,33342,-1
9846,1547,25.16,18.30,33085,-1
9849,1547,25.16,17.50,33085,-1
9852,1547,25.16,19.10,33085,-1
9855,1547,25.18,19.00,33085,-1
9858,1547,25.18,18.40,33085,-1
9860,1547,25.17,17.60,33085,-1
9863,1547,25.16,18.00,33085,-1
9866,1547,25.17,19.50,33742,-1
9869,1547,25.17,18.50,33742,-1
9871,1547,25.17,17.00,33742,-1
9874,1547,25.16,18.40,33742,-1
9877,1547,25.15,19.30,33742,-1
9880,1547,25.16,18.20,33742,-1
9883,1547,25.17,17.60,33742,-2
9885,1547,25.16,18.10,33342,-2
9888,1547,25.13,20.00,33342,-2
9891,1547,25.17,19.30,33342,-2
9894,1547,25.17,17.80,33342,-2
9896,1547,25.15,19.10,33342,-2
9899,1547,25.16,20.00,33742,-2
9902,1547,25.19,18.70,33742,-2
9905,1547,25.15,18.20,33742,-1
9907,1547,25.16,17.60,33742,-1
9910,1547,25.16,19.00,33742,-1
9916,1547,25.16,18.50,33600,-1
9917,1547,25.18,17.90,33600,-1
9919,1547,25.15,18.00,33600,-1
9921,1547,25.15,18.50,33600,-1
9924,1547,25.15,19.90,33600,-1
9927,1547,25.16,19.50,33600,-1
9930,1547,25.13,17.70,33742,-1
9932,1547,25.17,18.10,33742,-1
9935,1547,25.17,19.20,33742,-1
9938,1547,25.12,19.10,33742,-1
9941,1547,25.12,18.50,33742,-1
9944,1547,25.16,18.10,33742,-1
9946,1547,25.17,19.90,33742,-1
9949,1547,25.14,20.50,33085,-1
9952,1547,25.16,19.20,33085,-1
9955,1547,25.17,18.90,33085,-1
9957,1547,25.16,21.00,33085,-1
9960,1547,25.18,19.90,33085,-1
9963,1547,25.18,19.30,33085,-1
9966,1547,25.16,18.60,35128,-1
9969,1547,25.16,19.40,35128,-1
9971,1547,25.16,20.30,35128,-1
9974,1547,25.15,18.60,35128,-1
9977,1547,25.17,18.80,35128,-1
9980,1547,25.14,19.40,35128,-1
9982,1547,25.18,19.30,33871,-1
9985,1547,25.16,18.10,33871,-1
9988,1547,25.15,18.10,33871,-1
9991,1547,25.17,19.60,33871,-1
9994,1547,25.16,20.00,33871,-1
9996,1547,25.15,19.00,33871,-1
9999,1547,25.16,19.30,33871,-1
10002,118,25.15,21.40,33471,-1
10005,118,25.19,20.10,33471,-1
10007,118,25.18,18.90,33471,-1
10010,118,25.17,18.80,33471,-1
10016,118,25.78,14.60,33471,-1
10017,118,25.72,14.10,33471,-1
10019,118,25.69,12.80,33471,-1
10021,118,25.69,12.40,33471,-1
10024,118,25.67,11.70,19300,-1
10027,118,25.63,10.90,19300,-1
10030,118,25.58,12.50,19300,-1
10033,118,25.56,11.40,19300,-1
10035,118,25.48,10.30,19300,-1
10038,118,25.45,9.70,19300,-1
10041,118,25.45,9.40,19300,-1
10043,118,25.42,8.80,19300,-1
10046,118,25.36,8.00,7828,-2
10049,118,25.35,7.30,7828,-2
10051,118,25.33,6.80,7828,-2
10054,118,25.32,6.20,7828,-2
10057,118,25.32,5.70,7828,-3
10059,118,25.31,5.40,7828,-3
10062,118,25.31,5.10,4942,-3
10064,118,25.31,5.00,4942,-3
10067,118,25.31,4.50,4942,-3
10070,118,25.31,4.20,4942,-2
10072,118,25.31,3.90,4942,-2
10075,118,25.30,3.80,4942,-2
10077,118,25.30,3.40,4942,-2
10080,118,25.29,3.10,3814,-2
10083,118,25.30,3.10,3814,-2
10085,118,25.30,3.00,3814,-2
10088,118,25.29,2.90,3814,-2
10090,118,25.29,2.80,3814,-2
10096,118,25.28,2.20,3342,-2
10097,118,25.28,2.10,3342,-2
10099,118,25.29,2.00,3342,-2
10101,118,25.29,2.00,3342,-2
10103,118,25.29,1.90,3342,-2
10106,118,25.29,1.80,3114,-2
10109,118,25.29,1.80,3114,-2
10111,118,25.29,1.60,3114,-2
10114,118,25.28,1.70,3114,0
10116,118,25.29,1.70,3114,0
10119,118,25.29,1.70,3114,0
10121,118,25.29,1.70,3114,0
10124,118,25.29,1.60,2971,0
10126,118,25.29,1.50,2971,0
10129,118,25.29,1.80,2971,0
10131,118,25.29,1.80,2971,0
10134,118,25.29,1.80,2971,0
10136,118,25.28,1.70,2971,0
10139,118,25.28,1.70,2971,0
10141,118,25.29,1.60,2828,0
10144,118,25.29,1.60,2828,0
10147,118,25.29,1.50,2828,0
10149,118,25.28,1.40,2828,0
10152,118,25.28,1.40,2828,0
10154,118,25.28,1.40,2828,0
10157,118,25.28,1.50,2828,0
10159,118,25.28,1.70,2742,0
10162,118,25.28,1.80,2742,0
10164,118,25.28,1.70,2742,0
10167,118,25.28,1.80,2742,0
10169,118,25.29,1.70,2742,0
10172,118,25.29,1.60,2742,0
10174,118,25.28,1.60,2742,0
10177,118,25.28,1.60,2671,0
10179,118,25.29,1.70,2671,0
10182,118,25.28,1.60,2671,0
10184,118,25.29,1.70,2671,0
10187,118,25.29,1.80,2671,0
10189,118,25.28,1.70,2671,0
10192,118,25.28,1.60,2671,0
10194,118,25.28,1.50,2671,0
10197,118,25.28,1.50,2600,0
10199,118,25.28,1.40,2600,0
10202,118,25.29,1.60,2600,0
10204,118,25.29,1.50,2600,0
10207,118,25.28,1.60,2600,0
10210,118,25.28,1.60,2600,-1
10212,118,25.29,1.50,2600,-1
10215,118,25.29,1.70,2571,-1
10217,118,25.29,1.70,2571,-1
10220,118,25.29,1.70,2571,0
10222,118,25.29,1.70,2571,0
10225,118,25.29,1.60,2571,0
10227,118,25.29,1.50,2571,0
10230,118,25.28,1.50,2571,0
10233,118,25.28,1.50,2528,0
10235,118,25.29,1.50,2528,0
10237,118,25.29,1.70,2528,0
10240,118,25.29,1.80,2528,0
10243,118,25.28,1.70,2528,-1
10245,118,25.28,1.70,2528,-1
10248,118,25.28,1.80,2500,-1
10250,118,25.28,2.00,2500,-1
10256,118,25.29,1.70,2485,-1
10257,118,25.29,1.80,2485,-1
10259,118,25.29,1.90,2485,-1
10261,118,25.29,1.80,2485,-1
10263,118,25.29,1.90,2485,-1
10266,118,25.29,1.90,2471,0
10268,118,25.29,1.70,2471,0
10271,118,25.29,1.80,2471,0
10274,118,25.29,1.90,2471,0
10276,118,25.29,1.90,2471,0
10279,118,25.28,1.90,2471,-1
10281,118,25.28,1.80,2471,-1
10284,118,25.28,2.00,2442,-1
10286,118,25.28,1.90,2442,-1
10289,118,25.28,1.80,2442,-1
10292,118,25.29,1.90,2442,-1
10294,118,25.29,1.90,2442,-1
10297,118,25.29,1.80,2442,-1
10299,118,25.29,1.80,2442,-1
10302,118,25.29,1.90,2442,-2
10305,118,25.29,1.90,2442,-2
10307,118,25.28,2.00,2442,-2
10310,118,25.28,1.90,2442,-2
10313,118,25.29,1.70,2442,-2
10315,118,25.29,1.90,2442,-2
10318,118,25.29,2.10,2428,-2
10320,118,25.29,1.90,2428,-2
10323,118,25.29,1.80,2428,-2
10326,118,25.29,1.80,2428,-1
10328,118,25.29,1.80,2428,-1
10331,118,25.29,1.80,2428,-1
10334,118,25.29,1.80,2428,-1
10336,118,25.29,1.80,2428,-1
10338,118,25.28,1.80,2414,-1
10341,118,25.29,1.80,2414,-1
10344,118,25.29,1.90,2414,-1
10346,118,25.29,1.80,2414,-1
10349,118,25.29,2.00,2414,-1
10351,118,25.29,1.90,2414,-1
10354,118,25.29,1.90,2414,-1
10357,118,25.29,2.00,2414,-1
10359,118,25.28,2.00,2414,-1
10362,118,25.29,1.90,2414,-1
10364,118,25.28,1.90,2414,-1
10367,118,25.28,1.80,2414,-1
10370,118,25.28,2.00,2414,-1
10372,118,25.28,2.00,2414,-2
10375,118,25.29,1.90,2400,-2
10377,118,25.29,1.90,2400,-2
10380,118,25.28,1.90,2400,-2
10383,118,25.29,2.00,2400,-2
10385,118,25.29,2.00,2400,-2
10388,118,25.29,1.90,2400,-2
10391,118,25.29,1.80,2400,-2
10394,118,25.29,1.80,2400,-1
10396,118,25.29,1.70,2400,-1
10398,118,25.29,1.70,2400,-1
10401,118,25.29,1.80,2400,-1
10404,118,25.29,1.90,2400,-1
10406,118,25.29,1.90,2400,-1
10409,118,25.28,1.90,2400,-1
10411,118,25.28,1.80,2400,-1
10414,118,25.29,2.00,2400,-1
10417,118,25.29,1.90,2400,-1
10419,118,25.29,1.80,2400,-1
10422,118,25.29,1.90,2400,-1
10424,118,25.29,1.80,2400,-1
10427,118,25.28,1.90,2400,-1
10430,118,25.29,1.80,2400,-1
10432,118,25.29,1.80,2400,-1
10435,118,25.28,1.80,2400,-1
10437,118,25.29,1.90,2400,-1
10440,118,25.29,1.80,2400,-1
10443,118,25.29,1.80,2400,-1
10445,118,25.28,1.70,2400,-1
10448,118,25.29,1.80,2400,-1
10450,118,25.29,1.80,2400,-1
10454,118,25.29,1.70,2400,-1
10456,118,25.29,1.70,2400,-1
10458,118,25.29,1.60,2400,-1
10461,118,25.29,1.60,2385,-1
10463,118,25.29,1.60,2385,-1
10466,118,25.29,1.80,2385,-1
10469,118,25.29,1.90,2385,-1
10471,118,25.29,1.80,2385,-1
10474,118,25.28,1.80,2385,-1
10477,118,25.28,2.00,2385,-2
10479,118,25.29,2.00,2385,-2
10482,118,25.28,1.90,2385,-2
10484,118,25.28,1.90,2385,-2
10487,118,25.28,1.90,2385,-2
10490,118,25.28,1.80,2385,-2
10492,118,25.29,1.90,2385,-2
10495,118,25.29,1.90,2385,-2
10497,118,25.29,1.90,2400,-2
10500,118,25.29,1.90,2400,-1
10502,118,25.28,1.90,2400,-1
10505,118,25.28,1.90,2400,-1
10508,118,25.29,1.90,2400,-1
10510,118,25.29,1.70,2400,-1
10516,118,25.29,1.80,2385,-1
10517,118,25.29,1.80,2385,-1
10519,118,25.29,1.90,2385,-1
10521,118,25.29,1.90,2385,-1
10523,118,25.29,1.90,2385,-1
10526,118,25.28,1.80,2385,-1
10529,118,25.28,1.80,2385,-1
10531,118,25.29,1.90,2385,-1
10534,118,25.29,1.90,2385,-1
10536,118,25.29,1.90,2385,-1
10539,118,25.29,1.80,2385,-1
10542,118,25.29,1.80,2385,-1
10544,118,25.29,1.70,2385,-1
10547,118,25.29,1.90,2385,-1
10549,118,25.29,1.80,2385,-1
10552,118,25.29,1.80,2385,-1
10555,118,25.29,1.90,2385,-1
10557,118,25.29,1.80,2385,-1
10560,118,25.29,1.90,2385,-1
10562,118,25.29,1.80,2385,-1
10565,118,25.29,1.90,2385,-1
10568,118,25.28,1.80,2385,-1
10570,118,25.29,1.70,2385,-2
10573,118,25.29,1.80,2385,-2
10575,118,25.29,1.90,2385,-2
10578,118,25.29,1.90,2385,-2
10581,118,25.28,1.80,2385,-2
10583,118,25.29,1.80,2385,-2
10586,118,25.29,1.70,2385,-2
10588,118,25.29,1.90,2385,-2
10591,118,25.29,1.90,2385,-2
10594,118,25.29,1.80,2385,-2
10596,118,25.29,1.80,2385,-2
10599,118,25.29,1.90,2385,-2
10601,118,25.29,1.90,2385,-2
10604,118,25.29,1.80,2385,-1
10607,118,25.29,1.80,2385,-1
10609,118,25.28,1.80,2385,-1
10612,118,25.29,1.90,2385,-1
10614,118,25.29,1.80,2385,-1
10617,118,25.29,1.80,2385,-1
10620,118,25.29,1.70,2385,-1
10622,118,25.29,1.80,2385,-1
10625,118,25.29,1.80,2385,-1
10628,118,25.29,2.00,2385,-1
10630,118,25.29,1.90,2385,-1
10633,118,25.29,1.80,2385,-1
10635,118,25.28,1.90,2385,-1
10638,118,25.28,1.80,2385,-1
10641,118,25.29,1.80,2385,-2
10643,118,25.29,1.70,2385,-2
10646,118,25.29,1.90,2385,-2
10648,118,25.29,2.10,2385,-2
10651,118,25.29,2.00,2385,-1
10654,118,25.29,1.80,2385,-1
10656,118,25.29,1.80,2385,-1
10659,118,25.29,1.80,2385,-1
10661,118,25.28,1.70,2385,-1
10664,118,25.29,1.80,2385,-1
10667,118,25.29,1.80,2385,-1
10669,118,25.29,1.80,2385,-1
10672,118,25.29,1.70,2385,-1
10674,118,25.29,1.60,2385,-2
10677,118,25.29,1.70,2371,-2
10680,118,25.29,1.70,2371,-2
10682,118,25.29,1.60,2371,-2
10685,118,25.28,1.60,2371,-2
10688,118,25.28,1.70,2371,-1
10690,118,25.29,1.50,2371,-1
10693,118,25.29,1.50,2371,-1
10695,118,25.29,1.50,2371,-1
10698,118,25.29,1.60,2371,-1
10700,118,25.29,1.60,2371,-1
10703,118,25.29,1.70,2371,-1
10706,118,25.29,1.50,2371,-1
10708,118,25.29,1.60,2371,-1
10711,118,25.28,1.70,2385,-1
10714,118,25.29,1.80,2385,-1
10716,118,25.29,1.80,2385,-1
10719,118,25.29,1.80,2385,-1
10721,118,25.28,1.80,2385,-1
10724,118,25.29,1.80,2385,-1
10726,118,25.29,1.70,2371,-1
10729,118,25.29,1.80,2371,-1
10732,118,25.28,1.80,2371,-1
10734,118,25.29,1.80,2371,-1
10737,118,25.29,1.80,2371,-1
10739,118,25.29,1.70,2371,-1
10742,118,25.29,1.80,2371,-1
10745,118,25.29,1.70,2371,-1
10747,118,25.29,1.70,2371,-1
10750,118,25.29,1.80,2371,-1
10752,118,25.29,1.80,2371,-1
10755,118,25.29,1.70,2371,-1
10758,118,25.29,1.70,2371,-1
10760,118,25.28,1.80,2371,-1
10763,118,25.28,2.00,2371,-1
10766,118,25.29,2.00,2371,-1
10768,118,25.29,1.90,2371,-1
10771,118,25.29,2.00,2371,-1
10774,118,25.29,1.90,2371,-1
10776,118,25.29,2.00,2371,-1
10779,118,25.29,1.90,2371,-1
10781,118,25.29,1.80,2371,-1
10784,118,25.29,1.80,2371,-1
10786,118,25.29,1.90,2371,-1
10789,118,25.28,1.90,2371,-1
10792,118,25.29,1.90,2371,-1
10794,118,25.29,1.80,2371,-1
10797,118,25.29,1.70,2371,-1
10799,118,25.29,1.70,2371,-1
10802,118,25.29,1.70,2371,-1
10805,118,25.29,1.70,2371,-1
10807,118,25.29,1.70,2371,-1
10810,118,25.29,1.70,2371,-1
10812,118,25.29,1.70,2371,-1
10815,118,25.29,1.70,2371,-1
10818,118,25.29,1.60,2371,-1
10820,118,25.29,1.50,2357,-1
10823,118,25.29,1.60,2357,-1
10825,118,25.29,1.60,2357,-1
10828,118,25.29,1.60,2357,-1
10831,118,25.29,1.70,2357,-1
10834,118,25.29,1.60,2357,-1
10836,118,25.29,1.60,2371,-1
10839,118,25.29,1.70,2371,-2
10841,118,25.29,1.80,2371,-2
10844,118,25.29,1.70,2371,-2
10846,118,25.29,1.60,2371,-2
10849,118,25.29,1.90,2371,-2
10852,118,25.29,1.80,2371,-2
10854,118,25.28,1.90,2371,-2
10857,118,25.29,1.90,2371,-2
10859,118,25.29,1.80,2371,-2
10862,118,25.29,1.90,2371,-1
10864,118,25.29,1.90,2371,-1
10867,118,25.29,1.80,2371,-1
10870,118,25.29,1.70,2371,-1
10872,118,25.29,1.80,2371,-1
10875,118,25.29,2.00,2371,-1
10877,118,25.29,1.90,2371,-1
10880,118,25.29,1.80,2371,-1
10883,118,25.29,1.80,2371,-1
10885,118,25.29,1.80,2371,-1
10888,118,25.29,1.70,2371,-1
10891,118,25.29,1.60,2371,-1
10894,118,25.29,1.90,2371,-1
10896,118,25.29,1.80,2371,-1
10898,118,25.29,1.80,2371,-1
10901,118,25.29,1.80,2371,-1
10904,118,25.29,1.80,2371,-1
10906,118,25.29,1.90,2371,-1
10909,118,25.29,1.80,2371,-1
10911,118,25.29,1.80,2371,-1
10914,118,25.29,2.00,2371,-1
10917,118,25.29,2.00,2371,-1
10919,118,25.25,2.00,2371,-1
10922,118,25.25,1.90,2371,-1
10924,118,25.29,1.80,2371,-1
10927,118,25.29,1.80,2371,-1
10930,118,25.29,1.90,2371,-1
10932,118,25.29,1.80,2371,-1
10935,118,25.29,1.80,2371,-1
10937,118,25.29,1.90,2371,-1
10940,118,25.29,1.80,2371,-1
10943,118,25.29,1.90,2371,-1
10945,118,25.29,1.80,2357,-1
10948,118,25.29,1.70,2357,-1
10950,118,25.29,1.80,2357,-1
10956,118,25.29,1.90,2371,-1
10958,118,25.29,1.80,2371,-1
10959,118,25.29,1.80,2371,-1
10961,118,25.29,1.80,2371,-1
10963,118,25.29,1.90,2371,-1
10966,118,25.29,2.00,2371,-1
10969,118,25.29,1.90,2357,-1
10971,118,25.29,1.80,2357,-1
10974,118,25.29,1.70,2357,-1
10976,118,25.29,1.90,2357,-1
10979,118,25.29,1.80,2357,-1
10982,118,25.29,1.80,2357,-1
10984,118,25.29,1.70,2357,-1
10987,118,25.29,1.70,2357,-1
10990,118,25.29,1.70,2357,0
10992,118,25.29,1.70,2357,0
10995,118,25.29,1.70,2357,0
10997,118,25.29,1.90,2357,0
11000,118,25.29,1.80,2371,0
11002,118,25.29,1.80,2371,-1
11005,118,25.29,1.70,2371,-1
11007,118,25.29,1.90,2371,-1
11010,118,25.29,1.80,2371,-1
11012,118,25.29,1.60,2371,-1
11015,118,25.29,1.70,2371,-1
11018,118,25.29,2.00,2371,-1
11020,118,25.29,1.90,2357,-1
11023,118,25.29,1.80,2357,-1
11026,118,25.29,1.70,2357,-1
11028,118,25.29,1.80,2357,-1
11031,118,25.29,2.00,2357,-1
11034,118,25.29,1.90,2357,-1
11036,118,25.29,1.80,2357,-1
11039,118,25.29,1.80,2371,-1
11041,118,25.29,2.00,2371,-1
11044,118,25.29,1.90,2371,-1
11046,118,25.29,1.80,2371,-1
11049,118,25.29,1.70,2371,-1
11052,118,25.29,1.90,2371,-1
11054,118,25.29,1.80,2371,-1
11057,118,25.29,1.80,2371,-1
11059,118,25.29,1.70,2371,-2
11062,118,25.29,1.70,2371,-2
11065,118,25.29,1.50,2371,-2
11067,118,25.29,1.60,2371,-2
11070,118,25.29,1.70,2371,-2
11072,118,25.29,1.90,2371,-2
11075,118,25.29,1.80,2371,-2
11078,118,25.28,1.70,2371,-2
11080,118,25.29,1.70,2371,-2
11083,118,25.29,1.90,2371,-1
11085,118,25.29,1.90,2371,-1
11088,118,25.29,1.80,2371,-1
11091,118,25.29,2.00,2371,-1
11094,118,25.29,1.90,2371,-1
11096,118,25.29,2.10,2371,-1
11098,118,25.29,2.00,2371,-1
11101,118,25.30,1.80,2371,-1
11104,118,25.29,2.10,2371,-1
11106,118,25.29,2.10,2371,-1
11109,118,25.29,2.10,2371,-1
11111,118,25.29,1.90,2357,-1
11114,118,25.29,2.00,2357,-1
11117,118,25.29,1.90,2357,-1
11119,118,25.29,1.90,2357,-1
11122,118,25.29,1.90,2357,-1
11124,118,25.29,1.90,2357,-1
11127,118,25.29,2.00,2357,-1
11130,118,25.29,1.90,2357,-1
11132,118,25.29,1.80,2357,-1
11135,118,25.29,1.90,2357,-1
11137,118,25.29,1.80,2357,-1
11140,118,25.29,1.70,2357,-1
11143,118,25.29,1.60,2357,-1
11145,118,25.29,1.70,2357,-1
11148,118,25.29,1.80,2371,-1
11150,118,25.29,1.70,2371,-1
11154,118,25.30,1.60,2371,-1
11156,118,25.30,1.80,2371,-1
11158,118,25.30,1.70,2371,-1
11161,118,25.29,1.90,2371,-1
11164,118,25.29,1.80,2371,-1
11166,118,25.29,1.70,2357,-1
11169,118,25.29,1.80,2357,-1
11171,118,25.30,1.80,2357,-1
11174,118,25.29,1.70,2357,-1
11177,118,25.29,1.70,2357,-1
11179,118,25.29,1.60,2357,-1
11182,118,25.29,1.80,2357,-1
11184,118,25.29,2.00,2357,-1
11187,118,25.29,1.90,2357,-1
11190,118,25.29,1.80,2357,-2
11192,118,25.29,1.80,2357,-2
11195,118,25.29,1.90,2357,-2
11197,118,25.29,1.90,2357,-2
11200,118,25.29,1.80,2371,-2
11203,118,25.29,1.70,2371,-2
11205,118,25.29,1.80,2371,-2
11208,118,25.29,1.80,2371,-2
11210,118,25.29,1.90,2371,-2
11214,118,25.29,1.80,2371,-1
11216,118,25.29,1.80,2371,-1
11218,118,25.29,1.80,2371,-1
11221,118,25.29,1.80,2342,-1
11224,118,25.29,1.80,2342,-1
11226,118,25.29,1.70,2342,-1
11229,118,25.29,1.70,2342,-1
11231,118,25.29,1.70,2342,-1
11234,118,25.29,1.70,2342,-1
11237,118,25.29,1.80,2342,-2
11239,118,25.30,1.80,2342,-2
11242,118,25.30,1.70,2342,-2
11244,118,25.29,1.80,2342,-2
11247,118,25.29,2.00,2342,-1
11249,118,25.29,2.00,2342,-1
11252,118,25.29,2.00,2342,-1
11255,118,25.29,2.00,2342,-1
11257,118,25.29,1.80,2342,-1
11260,118,25.29,1.90,2342,-1
11262,118,25.29,1.90,2342,-1
11265,118,25.29,1.70,2342,-1
11268,118,25.30,1.70,2342,-1
11270,118,25.29,1.90,2342,-1
11276,118,25.29,1.50,2342,-1
11277,118,25.29,1.60,2342,-1
11279,118,25.29,1.70,2342,-1
11281,118,25.29,1.70,2342,-1
11283,118,25.29,1.80,2342,-2
11286,118,25.29,1.80,2342,-2
11289,118,25.29,1.70,2342,-2
11291,118,25.29,1.90,2342,-2
11294,118,25.29,1.90,2342,-2
11296,118,25.30,1.70,2342,-2
11299,118,25.29,1.80,2342,-2
11302,118,25.29,1.80,2342,-2
11304,118,25.29,1.90,2357,-2
11307,118,25.29,1.90,2357,-1
11309,118,25.29,1.80,2357,-1
11312,118,25.29,1.80,2357,-1
11315,118,25.30,2.00,2357,-1
11317,118,25.30,2.00,2357,-1
11320,118,25.29,1.90,2357,-1
11322,118,25.29,1.80,2357,-1
11325,118,25.29,1.90,2357,-1
11328,118,25.29,2.00,2357,-1
11330,118,25.30,1.90,2357,-1
11333,118,25.29,1.80,2357,-1
11335,118,25.29,1.80,2357,-1
11338,118,25.29,1.70,2357,-1
11341,118,25.30,1.70,2342,-2
11343,118,25.29,1.80,2342,-2
11346,118,25.29,1.80,2342,-2
11348,118,25.30,1.60,2342,-2
11351,118,25.30,1.60,2342,-2
11354,118,25.29,1.90,2342,-2
11356,118,25.29,1.80,2357,-2
11359,118,25.29,1.80,2357,-2
11361,118,25.29,1.80,2357,-2
11364,118,25.29,2.00,2357,-2
11367,118,25.29,1.90,2357,-2
11369,118,25.29,1.90,2357,-2
11372,118,25.29,1.80,2357,-2
11375,118,25.29,2.00,2342,-2
11377,118,25.29,2.10,2342,-2
11380,118,25.29,1.90,2342,-2
11382,118,25.30,1.80,2342,-2
11385,118,25.29,2.10,2342,-2
11388,118,25.29,2.00,2342,-2
11390,118,25.29,2.10,2342,-2
11393,118,25.29,2.00,2342,-2
11395,118,25.29,1.90,2342,-2
11398,118,25.29,1.90,2342,-2
11400,118,25.29,2.00,2342,-2
11403,118,25.29,1.80,2342,-2
11406,118,25.29,1.90,2342,-2
11408,118,25.29,1.80,2342,-2
11411,118,25.29,1.70,2342,-2
11414,118,25.29,1.70,2342,-2
11416,118,25.30,1.80,2342,-2
11419,118,25.30,1.80,2342,-2
11421,118,25.30,1.80,2342,-2
11424,118,25.30,1.90,2342,-2
11427,118,25.30,1.90,2342,-2
11429,118,25.30,1.90,2342,-2
11432,118,25.29,1.80,2342,-2
11434,118,25.29,2.00,2342,-2
11437,118,25.29,1.90,2342,-2
11440,118,25.29,1.70,2342,-2
11442,118,25.29,1.80,2328,-2
11445,118,25.29,1.70,2328,-2
11447,118,25.29,1.80,2328,-2
11450,118,25.29,1.70,2328,-2
11453,118,25.29,1.60,2328,-2
11455,118,25.29,1.70,2328,-2
11458,118,25.30,1.60,2328,-1
11460,118,25.29,1.90,2342,-1
11463,118,25.30,1.80,2342,-1
11466,118,25.30,1.70,2342,-1
11468,118,25.29,1.90,2342,-1
11471,118,25.29,2.00,2342,-1
11474,118,25.29,1.90,2342,-1
11476,118,25.29,1.90,2328,-1
11479,118,25.29,1.70,2328,-1
11481,118,25.29,1.80,2328,-1
11484,118,25.29,1.80,2328,-1
11486,118,25.29,1.60,2328,-1
11489,118,25.30,1.80,2328,-1
11492,118,25.30,1.90,2357,-1
11494,118,25.29,1.80,2357,-1
11497,118,25.29,1.70,2357,-1
11499,118,25.29,1.70,2357,-1
11502,118,25.30,1.80,2357,-1
11505,118,25.30,1.80,2357,-1
11507,118,25.29,1.80,2357,-1
11510,118,25.30,1.80,2342,-1
11512,118,25.29,1.80,2342,-1
11515,118,25.29,1.70,2342,-1
11518,118,25.29,1.70,2342,-1
11520,118,25.30,1.70,2342,-1
11523,118,25.29,1.80,2342,-1
11525,118,25.29,1.60,2342,-1
11528,118,25.29,1.60,2342,-1
11531,118,25.30,1.80,2342,-1
11534,118,25.30,1.80,2342,-1
11536,118,25.30,1.70,2342,-1
11539,118,25.30,1.60,2342,-2
11541,118,25.30,1.80,2342,-2
11544,118,25.29,2.00,2342,-2
11546,118,25.29,2.10,2342,-2
11549,118,25.30,1.90,2342,-2
11552,118,25.29,2.10,2342,-1
11554,118,25.29,2.20,2342,-1
11557,118,25.29,2.10,2342,-1
11559,118,25.29,1.90,2342,-1
11562,118,25.29,1.90,2314,-1
11565,118,25.30,2.00,2314,-1
11567,118,25.29,2.20,2314,-1
11570,118,25.29,2.00,2314,-1
11572,118,25.30,1.90,2314,-1
11575,118,25.30,1.90,2314,-2
11578,118,25.29,1.80,2314,-2
11580,118,25.30,1.70,2314,-2
11583,118,25.30,1.70,2328,-2
11585,118,25.30,1.80,2328,-2
11588,118,25.30,1.80,2328,-2
11591,118,25.30,1.70,2328,-2
11594,118,25.30,1.60,2328,-2
11596,118,25.30,1.60,2328,-2
11599,118,25.29,1.70,2328,-2
11601,118,25.30,1.70,2328,-2
11604,118,25.30,1.70,2328,-2
11606,118,25.30,1.70,2328,-2
11609,118,25.30,1.80,2328,-2
11611,118,25.30,1.80,2328,-2
11614,118,25.29,1.80,2328,-2
11617,118,25.30,2.00,2328,-2
11619,118,25.30,1.90,2328,-2
11622,118,25.29,2.00,2328,-1
11624,118,25.29,2.00,2328,-1
11627,118,25.29,2.10,2328,-1
11630,118,25.29,2.00,2328,-1
11632,118,25.30,1.90,2328,-1
11635,118,25.30,1.90,2328,-1
11637,118,25.30,1.80,2328,-1
11640,118,25.30,2.00,2328,-1
11643,118,25.29,1.90,2328,-1
11645,118,25.29,1.70,2328,-1
11648,118,25.30,1.90,2328,-1
11650,118,25.30,1.90,2328,-1
11654,118,25.29,1.80,2328,-1
11656,118,25.29,1.80,2328,-1
11658,118,25.29,1.90,2328,-1
11661,118,25.30,1.80,2328,-1
11664,118,25.29,1.90,2328,-1
11666,118,25.30,1.80,2328,-1
11669,118,25.30,1.80,2328,-1
11671,118,25.30,1.90,2342,-1
11674,118,25.30,1.90,2342,-1
11677,118,25.30,1.90,2342,-1
11679,118,25.30,1.80,2342,-1
11682,118,25.29,1.70,2342,-1
11684,118,25.30,1.80,2342,-1
11687,118,25.30,1.80,2342,-1
11690,118,25.29,1.70,2342,-1
11692,118,25.30,1.70,2342,-1
11695,118,25.30,1.60,2342,-1
11697,118,25.29,1.60,2342,-1
11700,118,25.29,1.70,2342,-1
11703,118,25.29,1.60,2342,-1
11705,118,25.30,1.60,2342,-1
11708,118,25.30,1.60,2342,-1
11710,118,25.30,1.80,2342,-1
11716,118,25.29,1.90,2342,-1
11717,118,25.29,1.90,2342,-1
11719,118,25.29,1.70,2342,-1
11721,118,25.29,1.80,2342,-1
11723,118,25.29,1.70,2342,-1
11726,118,25.29,2.00,2342,-1
11729,118,25.30,1.90,2342,-1
11731,118,25.30,1.80,2342,-1
11734,118,25.30,1.80,2342,-1
11737,118,25.30,1.90,2342,-1
11739,118,25.29,1.90,2342,-1
11742,118,25.29,1.80,2342,-1
11744,118,25.30,1.90,2342,-1
11747,118,25.30,2.00,2342,-1
11750,118,25.30,1.90,2342,-2
11752,118,25.30,1.80,2342,-2
11755,118,25.30,1.90,2342,-2
11757,118,25.30,1.90,2342,-2
11760,118,25.29,1.80,2342,-2
11762,118,25.29,1.80,2342,-2
11765,118,25.30,1.70,2342,-2
11768,118,25.30,1.80,2342,-2
11770,118,25.30,1.70,2328,-2
11776,118,25.30,1.60,2328,-1
11777,118,25.30,1.60,2328,-1
11778,118,25.29,1.80,2328,-1
11781,118,25.29,1.80,2328,-1
11783,118,25.29,1.70,2328,-1
11786,118,25.29,1.60,2328,-1
11789,118,25.29,1.60,2328,-1
11791,118,25.29,1.50,2328,-1
11794,118,25.30,1.70,2328,-1
11796,118,25.30,1.60,2314,-2
11799,118,25.30,1.50,2314,-2
11802,118,25.30,1.60,2314,-2
11804,118,25.30,1.70,2314,-2
11807,118,25.30,1.80,2314,-2
11809,118,25.30,1.70,2314,-2
11812,118,25.30,1.60,2314,-2
11815,118,25.30,1.70,2314,-2
11817,118,25.30,1.90,2328,-2
11820,118,25.30,1.70,2328,-1
11822,118,25.30,1.80,2328,-1
11825,118,25.30,1.70,2328,-1
11828,118,25.30,1.80,2328,-1
11830,118,25.29,1.80,2328,-2
11833,118,25.29,1.70,2328,-2
11835,118,25.30,1.80,2314,-2
11838,118,25.30,2.00,2314,-2
11841,118,25.30,1.90,2314,-2
11843,118,25.30,1.80,2314,-2
11846,118,25.30,1.90,2314,-2
11848,118,25.29,1.80,2314,-2
11851,118,25.30,1.70,2314,-2
11854,118,25.30,1.90,2314,-1
11856,118,25.30,1.80,2314,-1
11859,118,25.29,1.80,2314,-1
11861,118,25.30,1.90,2314,-1
11864,118,25.30,1.80,2314,-1
11867,118,25.30,1.70,2328,-1
11869,118,25.30,1.60,2328,-1
11872,118,25.30,1.70,2328,-1
11874,118,25.29,1.80,2328,-1
11877,118,25.29,1.70,2328,-1
11880,118,25.30,1.70,2328,-1
11882,118,25.30,1.80,2328,-1
11885,118,25.30,1.70,2328,-1
11887,118,25.30,1.80,2328,-1
11890,118,25.30,1.60,2328,-2
11893,118,25.29,1.60,2328,-2
11895,118,25.30,1.80,2328,-2
11898,118,25.30,1.90,2328,-2
11901,118,25.29,1.80,2328,-1
11903,118,25.30,1.90,2328,-1
11906,118,25.29,2.00,2328,-1
11908,118,25.29,1.90,2328,-1
11911,118,25.30,1.90,2328,-1
11914,118,25.30,2.00,2328,-1
11916,118,25.30,2.10,2314,-1
11919,118,25.30,2.10,2314,-1
11921,118,25.30,2.00,2314,-1
11924,118,25.30,2.00,2314,-2
11927,118,25.30,2.10,2314,-2
11929,118,25.30,2.10,2314,-2
11932,118,25.30,2.10,2314,-2
11934,118,25.30,2.00,2314,-2
11937,118,25.30,1.90,2314,-1
11940,118,25.30,2.10,2314,-1
11942,118,25.30,2.10,2314,-1
11945,118,25.30,1.90,2314,-1
11947,118,25.30,1.80,2314,-1
11950,118,25.30,1.90,2314,-1
11953,118,25.30,2.00,2314,-1
11955,118,25.29,1.80,2328,-1
11958,118,25.29,1.80,2328,-1
11960,118,25.30,1.80,2328,-2
11963,118,25.30,1.80,2328,-2
11966,118,25.30,1.70,2328,-2
11968,118,25.30,1.70,2328,-2
11971,118,25.30,1.70,2314,-2
11974,118,25.30,1.70,2314,-2
11976,118,25.30,1.70,2314,-2
11979,118,25.29,1.90,2314,-2
11981,118,25.30,1.80,2314,-2
11984,118,25.30,1.70,2314,-1
11986,118,25.29,1.70,2328,-1
11989,118,25.30,2.00,2328,-1
11992,118,25.30,1.80,2328,-1
11994,118,25.29,1.80,2328,-1
11997,118,25.29,1.90,2328,-1
11999,118,25.30,2.00,2328,-1
12002,2047,25.29,2.00,2328,-1
12005,2047,25.29,1.90,2328,-1
12008,2047,25.30,1.80,2328,-1
12010,2047,25.30,2.10,2328,-1
12013,2047,25.30,2.20,2328,-1
12015,2047,25.30,2.10,2328,-1
12018,2047,25.30,2.00,2328,-2
12021,2047,25.29,1.90,2328,-2
12024,2047,25.29,2.10,2314,-2
12026,2047,25.30,2.00,2314,-2
12029,2047,23.85,23.80,2314,-2
12035,2047,22.82,155.80,16228,-2
12036,2047,22.82,151.00,16228,-2
12038,2047,23.16,155.90,16228,-2
12041,2047,23.16,168.20,16228,-1
12044,2047,23.26,176.20,16228,-1
12046,2047,23.60,167.00,16228,-1
12049,2047,23.66,175.70,16228,-1
12053,2047,23.77,178.00,28571,-2
12055,2047,24.00,173.80,28571,-2
12058,2047,24.06,174.60,28571,-2
12061,2047,24.18,170.00,28571,-2
12064,2047,24.30,166.10,28571,-2
12067,2047,24.36,164.80,28571,-2
12070,2047,24.47,159.20,34414,-2
12074,2047,24.51,151.90,34414,-2
12076,2047,24.58,145.80,34414,-1
12079,2047,24.66,140.40,34414,-1
12082,2047,24.75,134.50,34414,-1
12085,2047,24.75,133.60,34414,-1
12088,2047,24.75,129.50,38085,-1
12091,2047,24.81,121.90,38085,-1
12094,2047,24.83,117.50,38085,-1
12097,2047,24.85,111.70,38085,-1
12100,2047,24.91,105.90,38085,-1
12103,2047,24.91,100.70,38085,-1
12106,2047,24.91,98.00,39314,-1
12108,2047,24.91,96.10,39314,-1
12111,2047,24.96,92.00,39314,-1
12114,2047,24.98,87.00,39314,-1
12117,2047,24.99,83.30,39314,-1
12120,2047,25.00,79.70,39314,-1
12123,2047,25.00,74.80,41000,-1
12126,2047,25.01,72.10,41000,-1
12128,2047,25.03,68.70,41000,-1
12131,2047,25.03,67.90,41000,-1
12134,2047,25.04,65.30,41000,-2
12137,2047,25.05,61.10,41000,-2
12140,2047,25.06,59.70,41000,-2
12143,2047,25.07,57.20,41400,-2
12146,2047,25.07,53.70,41400,-2
12148,2047,25.06,52.80,41400,-2
12151,2047,25.08,51.40,41400,-2
12154,2047,25.08,50.30,41400,-2
12157,2047,25.09,46.50,41400,-2
12160,2047,25.09,45.00,43285,-2
12163,2047,25.08,44.50,43285,-2
12166,2047,25.11,42.70,43285,-2
12169,2047,25.09,40.60,43285,-2
12171,2047,25.10,38.20,43285,-2
12174,2047,25.11,37.30,43285,-2
12177,2047,25.11,37.20,43285,-2
12180,2047,25.12,37.60,42214,-2
12183,2047,25.11,37.60,42214,-2
12186,2047,25.11,36.00,42214,-2
12189,2047,25.11,33.70,42214,-2
12191,2047,25.11,31.20,42214,-2
12194,2047,25.12,30.00,42214,-2
12197,2047,25.13,29.10,40814,-2
12200,2047,25.13,28.80,40814,-2
12203,2047,25.13,28.60,40814,-2
12206,2047,25.14,28.90,40814,-2
12209,2047,25.13,29.30,40814,-2
12212,2047,25.13,29.50,40814,-2
12214,2047,25.13,28.50,42428,-2
12217,2047,25.14,27.70,42428,-1
12220,2047,25.14,27.30,42428,-1
12223,2047,25.14,25.70,42428,-1
12226,2047,25.14,23.90,42428,-1
12229,2047,25.13,22.40,42428,-2
12232,2047,25.13,21.10,41400,-2
12234,2047,25.14,20.60,41400,-2
12237,2047,25.15,20.50,41400,-2
12240,2047,25.15,20.50,41400,-2
12243,2047,25.15,20.50,41400,-2
12246,2047,25.15,21.00,41400,-2
12249,2047,25.16,21.40,42014,-2
12252,2047,25.16,22.10,42014,-1
12254,2047,25.14,22.90,42014,-1
12257,2047,25.14,23.30,42014,-1
12260,2047,25.16,23.40,42014,-1
12263,2047,25.16,23.40,42014,-1
12266,2047,25.16,23.20,42014,-1
12269,2047,25.14,22.20,41600,-1
12272,2047,25.13,21.70,41600,-1
12275,2047,25.14,20.70,41600,-1
12277,2047,25.14,19.60,41600,-1
12280,2047,25.14,18.40,41600,-1
12283,2047,25.13,17.50,41400,-1
12286,2047,25.13,17.40,41400,-2
12289,2047,25.13,17.60,41400,-2
12292,2047,25.13,17.90,41400,-2
12295,2047,25.13,18.40,41400,-2
12298,2047,25.15,19.40,41400,-2
12300,2047,25.14,20.40,41400,-2
12303,2047,25.12,21.50,44400,-2
12306,2047,25.13,22.60,44400,-2
12309,2047,25.13,23.10,44400,-2
12312,2047,25.14,23.90,44400,-2
12315,2047,25.13,24.70,44400,-2
12317,2047,25.12,25.60,44400,-2
12320,2047,25.14,26.50,44400,-2
12323,2047,25.14,26.40,44171,-2
12326,2047,25.14,26.00,44171,-2
12329,2047,25.14,25.20,44171,-2
12332,2047,25.14,24.80,44171,-1
12335,2047,25.15,24.50,44171,-1
12338,2047,25.14,23.30,44171,-1
12340,2047,25.15,22.00,42428,-1
12343,2047,25.14,20.60,42428,-1
12346,2047,25.13,19.20,42428,-1
12349,2047,25.14,17.80,42428,-1
12352,2047,25.14,16.70,42428,-1
12355,2047,25.13,16.50,42428,-1
12358,2047,25.14,15.80,42428,-2
12360,2047,25.14,15.70,42428,-2
12363,2047,25.13,15.20,42428,-2
12366,2047,25.15,15.00,42428,-2
12369,2047,25.15,15.10,42428,-1
12372,2047,25.16,15.50,42428,-1
12375,2047,25.15,16.00,42857,-1
12378,2047,25.15,16.10,42857,-1
12381,2047,25.16,16.50,42857,-1
12383,2047,25.14,16.90,42857,-1
12386,2047,25.14,17.60,42857,-1
12389,2047,25.15,18.60,42857,-1
12392,2047,25.15,19.50,42857,-1
12395,2047,25.16,20.50,43500,-1
12398,2047,25.15,21.20,43500,-1
12401,2047,25.15,21.30,43500,-1
12404,2047,25.14,21.90,43500,-1
12406,2047,25.14,22.40,43500,-1
12409,2047,25.15,22.80,43500,-1
12412,2047,25.15,23.10,43071,-1
12415,2047,25.15,23.10,43071,-1
12418,2047,25.15,23.00,43071,-1
12421,2047,25.15,22.60,43071,-1
12423,2047,25.15,22.40,43071,-1
12426,2047,25.15,22.10,43071,-1
12429,2047,25.15,21.30,43071,-1
12432,2047,25.15,20.40,43071,-1
12435,2047,25.15,19.70,43071,-1
12438,2047,25.15,18.50,43071,-1
12441,2047,25.15,17.40,43071,-1
12444,2047,25.15,16.20,43071,-1
12446,2047,25.15,15.80,43071,-1
12449,2047,25.15,15.00,42857,-1
12452,2047,25.14,14.30,42857,-1
12455,2047,25.15,13.90,42857,-1
12458,2047,25.15,13.70,42857,-1
12461,2047,25.15,13.70,42857,-1
12464,2047,25.16,14.20,42857,-1
12466,2047,25.16,14.90,42428,-1
12469,2047,25.16,15.10,42428,-1
12472,2047,25.15,15.70,42428,-2
12475,2047,25.15,16.80,42428,-2
12478,2047,25.15,17.90,42428,-2
12481,2047,25.16,18.60,42428,-2
12484,2047,25.13,19.90,42428,-2
12487,2047,25.15,20.90,42857,-2
12489,2047,25.15,21.30,42857,-2
12492,2047,25.15,21.40,42857,-2
12495,2047,25.14,21.50,42857,-1
12498,2047,25.15,21.20,42857,-1
12501,2047,25.15,20.80,42857,-1
12504,2047,25.15,20.40,42428,-1
12507,2047,25.15,19.50,42428,-1
12510,2047,25.14,18.40,42428,-1
12512,2047,25.15,17.40,42428,-1
12515,2047,25.15,17.00,42428,-1
12518,2047,25.14,16.30,42428,-1
12521,2047,25.15,15.00,42428,-2
12524,2047,25.15,14.20,43071,-2
12527,2047,25.14,13.80,43071,-2
12529,2047,25.15,13.40,43071,-2
12532,2047,25.15,13.00,43071,-2
12535,2047,25.16,13.30,43071,-2
12538,2047,25.16,13.50,43071,-2
12541,2047,25.16,13.80,42857,-2
12544,2047,25.15,14.60,42857,-1
12547,2047,25.15,15.40,42857,-1
12550,2047,25.16,16.60,42857,-1
12552,2047,25.15,17.30,42857,-1
12555,2047,25.15,18.40,42857,-1
12558,2047,25.13,19.40,43071,-1
12561,2047,25.13,19.70,43071,-1
12564,2047,25.15,20.50,43071,-1
12567,2047,25.14,21.30,43071,-2
12570,2047,25.12,21.60,43071,-2
12572,2047,25.14,22.00,43071,-2
12575,2047,25.15,21.90,43071,-2
12578,2047,25.15,21.80,43071,-2
12581,2047,25.15,21.40,43071,-2
12584,2047,25.15,21.20,43071,-2
12587,2047,25.16,20.60,43071,-2
12590,2047,25.16,19.90,43071,-2
12592,2047,25.15,18.90,43071,-2
12595,2047,25.15,18.00,42428,-2
12598,2047,25.15,16.90,42428,-2
12601,2047,25.14,16.20,42428,-2
12604,2047,25.15,15.30,42428,-2
12610,2047,25.15,14.40,42014,-2
12612,2047,25.15,13.70,42014,-1
12615,2047,25.15,13.00,42014,-1
12616,2047,25.15,12.60,42014,-1
12618,2047,25.16,12.20,42014,-1
12621,2047,25.16,11.80,42014,-1
12624,2047,25.16,11.50,42014,-2
12627,2047,25.15,11.50,42214,-2
12630,2047,25.16,11.80,42214,-2
12633,2047,25.15,12.70,42214,-2
12636,2047,25.16,13.90,42214,-2
12638,2047,25.19,14.90,42214,-2
12641,2047,25.25,16.20,43071,-2
12644,2047,25.18,17.70,43071,-2
12647,2047,25.15,19.00,43071,-1
12650,2047,25.12,19.90,43071,-1
12653,2047,25.12,20.10,43071,-1
12656,2047,25.14,20.00,43071,-1
12658,2047,25.13,19.30,43285,-1
12661,2047,25.14,18.60,43285,-2
12664,2047,25.14,17.50,43285,-2
12667,2047,25.14,16.30,43285,-2
12670,2047,25.13,15.20,43285,-2
12673,2047,25.13,14.60,41800,-2
12676,2047,25.14,14.30,41800,-2
12678,2047,25.14,14.30,41800,-2
12681,2047,25.13,14.30,41800,-2
12684,2047,25.15,14.30,41800,-1
12687,2047,25.15,14.70,41800,-1
12690,2047,25.16,15.40,42428,-1
12693,2047,25.15,15.90,42428,-1
12696,2047,25.14,16.90,42428,-1
12698,2047,25.14,17.70,42428,-1
12701,2047,25.16,18.40,42428,-1
12704,2047,25.15,18.90,42857,-1
12707,2047,25.15,19.90,42857,-2
12710,2047,25.16,20.70,42857,-2
12713,2047,25.15,21.40,42857,-2
12716,2047,25.15,22.00,42857,-2
12719,2047,25.14,22.70,42857,-1
12721,2047,25.14,23.20,43071,-1
12724,2047,25.16,23.70,43071,-1
12727,2047,25.15,23.70,43071,-1
12730,2047,25.15,24.00,43071,-1
12736,2047,25.15,23.20,42857,-1
12737,2047,25.15,23.10,42857,-1
12739,2047,25.15,22.70,42857,-1
12742,2047,25.15,22.50,42857,-1
12744,2047,25.15,22.10,42857,-1
12747,2047,25.14,21.50,42857,-1
12750,2047,25.14,20.70,42857,-1
12756,2047,25.15,17.70,42642,-1
12757,2047,25.15,17.30,42642,-1
12759,2047,25.14,16.70,42642,-1
12761,2047,25.15,16.40,42642,-1
12764,2047,25.15,15.80,42642,-1
12767,2047,25.15,15.10,42642,-1
12770,2047,25.16,14.10,43071,-1
12776,2047,25.15,12.20,43071,-1
12777,2047,25.15,12.40,43071,-1
12779,2047,25.16,12.10,43071,-1
12782,2047,25.15,11.90,43071,-1
12784,2047,25.15,11.90,40814,-1
12787,2047,25.15,11.80,40814,-2
12790,2047,25.14,11.80,40814,-2
12796,2047,25.15,13.00,40814,-2
12797,2047,25.15,13.20,42642,-2
12799,2047,25.15,13.90,42642,-2
12802,2047,25.16,14.10,42642,-2
12804,2047,25.16,14.50,42642,-2
12807,2047,25.16,15.40,42642,-2
12810,2047,25.15,15.90,42642,-2
12814,2047,25.16,16.80,42642,-2
12816,2047,25.15,17.90,43071,-2
12819,2047,25.16,18.80,43071,-2
12822,2047,25.16,19.10,43071,-2
12825,2047,25.16,19.70,43071,-1
12827,2047,25.15,20.40,43071,-1
12830,2047,25.14,21.40,43071,-1
12834,2047,25.14,22.20,43071,-2
12836,2047,25.15,22.50,42857,-2
12839,2047,25.15,22.90,42857,-2
12842,2047,25.15,23.30,42857,-2
12845,2047,25.15,23.30,42857,-2
12848,2047,25.14,23.30,42857,-2
12850,2047,25.15,23.30,42857,-2
12854,2047,25.15,23.20,42857,-2
12856,2047,25.14,23.00,42857,-2
12859,2047,25.15,23.00,42857,-2
12862,2047,25.14,22.60,42857,-2
12865,2047,25.15,22.20,42857,-2
12867,2047,25.15,22.10,42857,-2
12870,2047,25.14,21.70,42857,-1
12874,2047,25.16,21.20,42642,-1
12876,2047,25.14,20.80,42642,-1
12879,2047,25.15,20.30,42642,-1
12882,2047,25.15,19.90,42642,-2
12885,2047,25.15,19.30,42642,-2
12888,2047,25.15,18.90,42642,-2
12890,2047,25.15,18.70,42857,-2
12894,2047,25.14,18.20,42857,-2
12896,2047,25.15,17.90,42857,-2
12899,2047,25.16,17.10,42857,-2
12902,2047,25.16,16.50,42857,-2
12905,2047,25.15,16.00,42857,-2
12908,2047,25.15,15.10,43285,-2
12910,2047,25.15,14.50,43285,-2
12914,2047,25.15,14.10,43285,-2
12916,2047,25.16,13.60,43285,-1
12919,2047,25.15,12.90,43285,-1
12922,2047,25.15,12.10,43285,-1
12925,2047,25.15,11.70,43285,-1
12928,2047,25.14,11.00,43728,-1
12931,2047,25.15,10.60,43728,-1
12934,2047,25.15,10.50,43728,-1
12936,2047,25.14,10.50,43728,-1
12939,2047,25.14,10.70,43728,-1
12942,2047,25.14,11.00,44642,-1
12945,2047,25.15,11.30,44642,-1
12948,2047,25.16,11.60,44642,-1
12951,2047,25.15,12.20,44642,-1
12954,2047,25.14,12.90,44642,-1
12956,2047,25.14,13.20,44642,-1
12959,2047,25.15,14.00,44642,-1
12962,2047,25.16,15.10,45585,-1
12965,2047,25.14,16.20,45585,-1
12968,2047,25.15,17.30,45585,-1
12971,2047,25.15,18.50,45585,-1
12974,2047,25.15,19.70,45585,-1
12976,2047,25.15,20.40,45585,-1
12979,2047,25.15,21.10,43285,-1
12982,2047,25.15,22.00,43285,-1
12985,2047,25.13,23.60,43285,-1
12988,2047,25.13,25.40,43285,-2
12991,2047,25.14,25.90,43285,-2
12994,2047,25.14,26.60,43285,-2
12996,2047,25.13,27.40,43071,-2
12999,2047,25.14,27.40,43071,-2
13002,2047,25.14,27.30,43071,-2
13005,2047,25.14,27.30,43071,-2
13008,2047,25.14,27.50,43071,-2
13011,2047,25.15,27.60,43071,-1
13014,2047,25.14,27.50,43071,-1
13016,2047,25.12,27.50,43500,-1
13019,2047,25.12,27.30,43500,-1
13022,2047,25.13,27.40,43500,-1
13025,2047,25.13,27.40,43500,-1
13028,2047,25.14,27.20,43500,-1
13031,2047,25.15,26.90,43500,-1
13034,2047,25.14,26.40,43500,-2
13036,2047,25.15,25.90,43500,-2
13039,2047,25.15,25.10,43500,-2
13042,2047,25.17,24.40,43500,-2
13045,2047,25.14,24.10,43500,-2
13048,2047,25.15,23.90,43500,-2
13051,2047,25.14,23.40,43500,-2
13054,2047,25.15,22.90,43728,-2
13057,2047,25.16,22.40,43728,-1
13059,2047,25.14,21.80,43728,-1
13062,2047,25.15,21.50,43728,-1
13065,2047,25.15,20.80,43728,-1
13068,2047,25.15,20.70,43728,-1
13071,2047,25.15,20.60,40814,-1
13074,2047,25.15,20.40,40814,-1
13077,2047,25.14,20.00,40814,-1
13080,2047,25.16,19.80,40814,-1
13082,2047,25.15,19.20,40814,-1
13085,2047,25.16,19.10,40814,-1
13088,2047,25.15,18.60,43285,-1
13091,2047,25.15,18.50,43285,-2
13094,2047,25.15,18.50,43285,-2
13097,2047,25.15,18.00,43285,-2
13100,2047,25.15,17.70,43285,-2
13102,2047,25.15,17.40,43285,-2
13105,2047,25.14,16.80,43071,-2
13108,2047,25.15,16.50,43071,-2
13111,2047,25.14,16.00,43071,-2
13114,2047,25.15,15.90,43071,-2
13117,2047,25.15,15.80,43071,-2
13120,2047,25.15,15.40,43071,-2
13122,2047,25.15,15.00,43071,-2
13125,2047,25.14,14.90,42857,-2
13128,2047,25.14,14.60,42857,-1
13131,2047,25.16,14.30,42857,-1
13134,2047,25.15,13.90,42857,-1
13137,2047,25.15,13.90,42857,-1
13140,2047,25.15,13.90,42857,-1
13142,2047,25.15,13.60,43285,-1
13145,2047,25.15,13.50,43285,-1
13148,2047,25.16,13.30,43285,-1
13151,2047,25.15,12.90,43285,-1
13154,2047,25.14,12.60,43285,-1
13157,2047,25.15,12.10,43285,-1
13160,2047,25.14,11.90,42428,-1
13163,2047,25.13,11.90,42428,-1
13165,2047,25.15,11.50,42428,-1
13168,2047,25.15,11.20,42428,-1
13171,2047,25.15,10.80,42428,-1
13174,2047,25.15,10.40,42428,-1
13177,2047,25.15,10.10,42428,-1
13180,2047,25.16,9.80,42214,-1
13183,2047,25.15,9.50,42214,-1
13185,2047,25.14,9.30,42214,-1
13188,2047,25.14,8.90,42214,-1
13191,2047,25.14,8.50,42214,-1
13194,2047,25.15,8.30,42214,-1
13197,2047,25.15,7.90,42642,-1
13199,2047,25.15,7.60,42642,-1
13202,2047,25.15,7.60,42642,-1
13205,2047,25.14,7.30,42642,-1
13208,2047,25.14,7.40,42642,-2
13210,2047,25.15,7.40,42642,-2
13214,2047,25.15,7.30,42642,-2
13216,2047,25.14,7.30,41000,-2
13219,2047,25.15,7.20,41000,-2
13222,2047,25.15,7.40,41000,-2
13224,2047,25.15,7.70,41000,-2
13227,2047,25.15,7.80,41000,-2
13230,2047,25.14,7.70,41000,-2
13233,2047,25.13,8.00,40428,-2
13235,2047,25.14,8.10,40428,-2
13238,2047,25.14,8.20,40428,-2
13241,2047,25.14,8.30,40428,-2
13244,2047,25.14,8.60,40428,-2
13246,2047,25.14,8.70,40428,-2
13249,2047,25.14,9.30,41800,-2
13252,2047,25.14,9.40,41800,-2
13255,2047,25.14,9.50,41800,-1
13258,2047,25.15,9.90,41800,-1
13260,2047,25.15,10.10,41800,-1
13263,2047,25.15,10.70,41800,-1
13266,2047,25.15,11.20,41800,-1
13269,2047,25.16,11.40,42428,-1
13272,2047,25.16,12.00,42428,-1
13275,2047,25.15,12.20,42428,-1
13278,2047,25.16,12.70,42428,-1
13280,2047,25.15,13.60,42428,-1
13283,2047,25.15,14.00,42428,-1
13286,2047,25.15,15.00,42428,-1
13289,2047,25.15,16.00,42214,-1
13292,2047,25.14,16.80,42214,-1
13295,2047,25.15,17.90,42214,-1
13298,2047,25.13,18.70,42214,-1
13300,2047,25.14,19.40,42214,-1
13303,2047,25.15,20.40,43500,-2
13306,2047,25.15,21.30,43500,-2
13309,2047,25.15,21.60,43500,-2
13312,2047,25.13,22.40,43500,-2
13315,2047,25.14,23.10,43500,-3
13318,2047,25.14,23.40,43500,-3
13320,2047,25.14,23.80,43500,-3
13323,2047,25.13,24.30,42642,-3
13326,2047,25.13,24.70,42642,-2
13329,2047,25.14,25.00,42642,-2
13332,2047,25.14,25.30,42642,-2
13335,2047,25.14,25.50,42642,-2
13338,2047,25.14,25.40,42642,-2
13340,2047,25.14,25.50,42857,-2
13343,2047,25.13,25.60,42857,-2
13346,2047,25.11,26.00,42857,-2
13349,2047,25.15,26.20,42857,-2
13352,2047,25.13,26.40,42857,-2
13355,2047,25.14,26.70,42857,-2
13358,2047,25.15,26.90,42214,-2
13361,2047,25.16,26.80,42214,-2
13363,2047,25.16,26.90,42214,-2
13366,2047,25.17,26.80,42214,-2
13369,2047,25.15,27.00,42214,-2
13372,2047,25.15,26.90,42214,-2
13375,2047,25.15,27.10,42214,-2
13378,2047,25.15,27.20,43728,-2
13381,2047,25.13,27.80,43728,-2
13384,2047,25.15,28.40,43728,-2
13389,2047,25.14,26.90,42214,-2
13391,2047,25.15,26.20,42214,-2
13397,2047,25.14,23.80,42214,-2
13399,2047,25.15,23.00,42214,-2
13401,2047,25.14,22.10,42214,-2
13403,2047,25.13,21.20,42428,-2
13405,2047,25.14,20.50,42428,-2
13407,2047,25.15,19.70,42428,-2
13409,2047,25.15,18.80,42428,-2
13412,2047,25.14,18.00,42428,-2
13415,2047,25.14,16.90,42428,-2
13418,2047,25.14,16.50,42428,-2
13421,2047,25.14,15.80,42428,-2
13424,2047,25.15,14.90,42428,-2
13426,2047,25.15,14.00,42428,-2
13429,2047,25.14,13.40,42428,-2
13432,2047,25.15,12.60,42428,-2
13435,2047,25.15,12.00,42428,-2
13438,2047,25.13,11.60,40814,-2
13441,2047,25.15,11.30,40814,-2
13444,2047,25.14,11.10,40814,-2
13446,2047,25.14,10.80,40814,-2
13449,2047,25.14,10.80,40814,-2
13452,2047,25.15,10.40,40814,-2
13455,2047,25.15,10.50,40814,-2
13458,2047,25.14,10.30,40614,-2
13461,2047,25.14,10.30,40614,-2
13464,2047,25.14,10.20,40614,-2
13467,2047,25.13,10.30,40614,-2
13469,2047,25.14,10.30,40614,-2
13472,2047,25.14,10.70,40614,-2
13475,2047,25.15,10.60,42014,-2
13478,2047,25.14,11.00,42014,-1
13481,2047,25.15,11.20,42014,-1
13484,2047,25.15,11.40,42014,-1
13487,2047,25.14,11.50,42014,-1
13490,2047,25.15,11.60,42014,-2
13492,2047,25.15,12.00,42014,-2
13495,2047,25.14,12.10,42428,-2
13498,2047,25.14,12.60,42428,-2
13501,2047,25.15,12.70,42428,-2
13504,2047,25.16,13.20,42428,-2
13507,2047,25.15,13.80,42428,-2
13509,2047,25.15,13.90,42428,-2
13512,2047,25.15,14.20,42428,-2
13515,2047,25.16,14.70,42428,-2
13518,2047,25.15,15.50,42428,-2
13521,2047,25.15,16.30,42428,-2
13524,2047,25.15,17.00,42428,-2
13527,2047,25.16,17.80,42428,-2
13530,2047,25.15,18.60,43500,-2
13532,2047,25.13,19.00,43500,-2
13535,2047,25.15,19.60,43500,-2
13538,2047,25.15,20.30,43500,-2
13541,2047,25.15,21.10,43500,-2
13544,2047,25.14,22.00,43500,-2
13547,2047,25.13,22.80,43500,-2
13550,2047,25.14,23.30,43285,-2
13552,2047,25.13,24.00,43285,-2
13555,2047,25.13,24.20,43285,-2
13558,2047,25.14,24.50,43285,-2
13561,2047,25.13,25.00,43285,-2
13564,2047,25.14,25.10,43285,-2
13567,2047,25.14,25.40,42642,-2
13570,2047,25.14,25.50,42642,-2
13573,2047,25.14,25.60,42642,-2
13575,2047,25.14,25.80,42642,-2
13578,2047,25.15,25.80,42642,-2
13581,2047,25.14,25.90,42642,-2
13584,2047,25.15,26.10,42642,-2
13587,2047,25.14,26.10,42214,-2
13590,2047,25.14,26.10,42214,-2
13593,2047,25.15,26.10,42214,-1
13595,2047,25.14,25.90,42214,-1
13598,2047,25.15,26.00,42214,-1
13601,2047,25.15,26.00,42214,-1
13604,2047,25.13,26.00,42214,-1
13607,2047,25.14,25.90,42428,-1
13610,2047,25.14,26.00,42428,-1
13613,2047,25.15,25.90,42428,-1
13615,2047,25.16,25.80,42428,-1
13618,2047,25.14,25.70,42428,-1
13621,2047,25.15,25.60,42857,-1
13624,2047,25.15,25.50,42857,-1
13627,2047,25.14,25.40,42857,-1
13630,2047,25.15,25.50,42857,-2
13633,2047,25.13,25.20,42857,-2
13636,2047,25.14,25.30,42857,-2
13638,2047,25.14,25.10,43071,-2
13641,2047,25.14,25.30,43071,-2
13644,2047,25.14,25.30,43071,-2
13647,2047,25.15,25.30,43071,-2
13650,2047,25.15,25.50,43071,-2
13656,2047,25.14,27.60,42642,-2
13657,2047,25.14,27.50,42642,-2
13659,2047,25.16,27.50,42014,-2
13661,2047,25.15,27.40,42014,-2
13664,2047,25.16,27.70,42014,-1
13667,2047,25.16,27.70,42014,-1
13670,2047,25.16,27.60,42014,-1
13673,2047,25.15,27.60,42014,-1
13676,2047,25.16,27.80,42014,-2
13679,2047,25.16,28.20,45342,-2
13681,2047,25.15,28.40,45342,-2
13684,2047,25.14,29.00,45342,-2
13687,2047,25.15,29.00,45342,-2
13690,2047,25.15,29.20,45342,-2
13696,2047,25.13,31.60,42857,-2
13697,2047,25.13,31.60,42857,-2
13699,2047,25.13,31.50,42857,-3
13701,2047,25.08,31.80,42857,-3
13704,2047,25.10,32.00,42857,-3
13707,2047,25.14,31.80,42857,-3
13710,2047,25.14,31.80,43500,-2
13716,2047,25.13,32.00,43500,-2
13717,2047,25.13,32.50,43500,-2
13719,2047,25.16,32.30,43500,-2
13722,2047,25.17,32.10,43500,-2
13724,2047,25.17,32.00,43500,-2
13727,2047,25.22,31.80,42014,-2
13730,2047,25.17,31.60,42014,-2
13734,2047,25.13,31.70,42014,-2
13736,2047,25.13,31.80,42014,-2
13739,2047,25.14,31.80,42014,-2
13742,2047,25.14,31.60,44400,-2
13745,2047,25.14,31.40,44400,-2
13747,2047,25.15,31.20,44400,-2
13750,2047,25.13,30.60,44400,-2
13756,2047,25.15,28.80,42642,-2
13757,2047,25.14,28.50,42642,-2
13759,2047,25.14,27.80,42642,-2
13762,2047,25.14,27.40,42642,-2
13764,2047,25.14,26.80,42642,-2
13767,2047,25.14,26.20,42642,-2
13770,2047,25.15,25.10,42642,-1
13776,2047,25.14,21.70,41800,-1
13777,2047,25.15,21.40,41800,-1
13779,2047,25.14,20.50,41800,-1
13782,2047,25.14,20.10,41800,-1
13784,2047,25.15,19.40,41800,-1
13787,2047,25.13,18.50,41800,-1
13790,2047,25.13,17.80,42857,-1
13794,2047,25.13,16.90,42857,-1
13796,2047,25.14,16.00,42857,-1
13799,2047,25.14,15.20,42857,-1
13802,2047,25.15,14.90,42857,-1
13805,2047,25.14,14.40,42857,-2
13807,2047,25.14,13.60,42428,-2
13810,2047,25.14,13.00,42428,-2
13814,2047,25.15,12.30,42428,-2
13816,2047,25.15,11.90,42428,-2
13819,2047,25.14,11.40,42428,-2
13822,2047,25.13,10.90,42428,-2
13825,2047,25.13,10.70,42428,-2
13828,2047,25.14,10.50,42642,-2
13830,2047,25.14,10.00,42642,-2
13834,2047,25.14,9.70,42642,-2
13836,2047,25.14,9.20,42642,-2
13839,2047,25.13,8.90,42642,-2
13842,2047,25.14,8.70,42642,-2
13844,2047,25.13,8.30,42428,-2
13847,2047,25.14,8.20,42428,-2
13850,2047,25.14,8.10,42428,-1
13853,2047,25.15,7.80,42428,-1
13855,2047,25.14,7.60,42428,-1
13858,2047,25.14,7.40,42428,-1
13861,2047,25.14,7.20,42642,-1
13864,2047,25.14,7.00,42642,-1
13867,2047,25.14,6.90,42642,-1
13869,2047,25.14,6.70,42642,-1
13872,2047,25.14,6.60,42642,-1
13875,2047,25.14,6.40,42642,-2
13878,2047,25.15,6.20,42857,-2
13880,2047,25.14,6.40,42857,-2
13883,2047,25.14,6.10,42857,-2
13886,2047,25.14,6.20,42857,-2
13889,2047,25.14,6.20,42857,-2
13892,2047,25.14,6.00,42857,-2
13894,2047,25.14,6.00,42857,-2
13897,2047,25.14,6.00,42857,-2
13900,2047,25.15,5.90,42857,-2
13903,2047,25.14,5.90,42857,-2
13905,2047,25.14,5.80,42857,-2
13908,2047,25.14,6.00,42857,-2
13911,2047,25.14,6.20,42857,-2
13914,2047,25.14,6.10,42857,-2
13917,2047,25.15,5.90,42642,-2
13919,2047,25.14,6.10,42642,-2
13922,2047,25.14,6.00,42642,-2
13925,2047,25.15,6.00,42642,-2
13928,2047,25.15,5.70,42642,-2
13930,2047,25.14,5.90,42428,-2
13934,2047,25.14,6.10,42428,-1
13936,2047,25.14,6.10,42428,-1
13939,2047,25.15,5.90,42428,-1
13942,2047,25.15,6.10,42428,-1
13944,2047,25.15,6.00,42428,-1
13947,2047,25.14,6.20,42428,-1
13950,2047,25.14,6.10,40228,-1
13953,2047,25.13,6.30,40228,-1
13956,2047,25.14,6.20,40228,0
13958,2047,25.13,6.20,40228,0
13961,2047,25.14,6.20,40228,0
13963,2047,25.14,6.20,40228,0
13966,2047,25.14,6.50,40228,-1
13969,2047,25.14,6.40,41800,-1
13972,2047,25.14,6.70,41800,-1
13975,2047,25.14,6.50,41800,-1
13977,2047,25.13,6.60,41800,-1
13980,2047,25.13,6.50,41800,-1
13983,2047,25.14,6.50,41800,-1
13986,2047,25.14,6.90,42014,-1
13988,2047,25.15,6.90,42014,-1
13991,2047,25.14,6.90,42014,-2
13994,2047,25.14,7.10,42014,-2
13997,2047,25.14,7.40,42014,-2
14000,2047,25.14,7.50,42014,-2
14002,48,25.14,7.50,42014,-2
14005,48,25.14,7.50,42642,-2
14007,48,25.14,7.80,42642,-2
14010,48,25.12,7.90,42642,-2
14013,48,25.14,8.20,42642,-1
14015,48,25.14,8.20,42642,-1
14018,48,25.14,8.10,42857,-1
14021,48,25.14,8.30,42857,-1
14023,48,25.15,8.30,42857,-1
14026,48,25.14,8.10,42857,-2
14028,48,25.15,8.40,42857,-2
14031,48,25.15,8.40,42857,-2
14034,48,25.67,8.70,42857,-2
14036,48,25.75,8.10,40428,-2
14039,48,25.75,7.40,40428,-2
14044,48,25.49,2.70,14800,-2
14046,48,25.44,2.60,14800,-2
14048,48,25.41,2.40,14800,-1
14050,48,25.40,2.30,14800,-1
14052,48,25.40,2.10,14800,-1
14055,48,25.35,2.00,14800,-1
14057,48,25.35,1.90,14800,-1
14060,48,25.33,1.80,14800,-2
14062,48,25.32,1.70,4871,-2
14065,48,25.31,1.50,4871,-2
14067,48,25.31,1.40,4871,-2
14070,48,25.30,1.30,4871,-2
14072,48,25.30,1.20,4871,-2
14075,48,25.29,1.10,4871,-2
14077,48,25.29,1.10,3242,-2
14080,48,25.29,1.00,3242,-2
14082,48,25.29,1.00,3242,-2
14085,48,25.28,1.00,3242,-3
14087,48,25.29,1.00,3242,-3
14090,48,25.28,0.90,3242,-3
14092,48,25.28,1.00,3242,-3
14095,48,25.28,1.00,3242,-2
14097,48,25.27,0.90,2428,-2
14100,48,25.27,0.90,2428,-2
14106,48,25.27,11.50,2428,-2
14108,48,25.27,10.80,1728,-1
14110,48,25.25,15.80,1728,-1
14112,48,25.25,14.90,1728,-1
14117,48,25.26,16.50,1728,-1
14119,48,25.26,15.50,1728,-4
14121,48,25.26,14.50,1728,-4
14123,48,25.27,13.60,1728,-4
14125,48,25.27,12.80,1728,-4
14127,48,25.27,12.00,1242,-4
14131,48,25.27,15.70,1242,-5
14139,48,25.27,13.50,1242,-5
14141,48,25.27,12.70,1242,-5
14143,48,25.27,11.90,1242,-2
14145,48,25.27,11.20,928,-2
14147,48,25.27,10.50,928,-2
14149,48,25.27,9.80,928,-2
14151,48,25.27,9.20,928,-2
14157,48,25.27,7.60,757,0
14159,48,25.27,7.20,757,0
14161,48,25.28,6.70,757,0
14163,48,25.28,6.30,757,0
14165,48,25.28,5.90,757,-1
14167,48,25.28,5.50,757,-1
14169,48,25.28,5.20,757,-1
14171,48,25.28,4.90,757,-1
14177,48,25.28,4.00,514,-2
14179,48,25.28,3.80,514,-2
14181,48,25.28,3.50,514,-2
14183,48,25.28,3.30,514,-2
14185,48,25.28,3.10,514,-2
14187,48,25.28,2.90,514,-2
14189,48,25.28,2.70,514,-1
14191,48,25.28,2.60,514,-1
14197,48,25.28,2.10,514,-1
14199,48,25.28,2.00,514,-1
14201,48,25.28,1.90,514,-1
14203,48,25.28,1.70,514,-1
14205,48,25.28,1.60,514,-1
14207,48,25.28,1.50,257,-1
14209,48,25.28,1.40,257,-1
14211,48,25.28,1.30,257,-1
14217,48,25.28,1.10,257,-2
14219,48,25.28,1.00,257,-2
14221,48,25.28,1.00,257,-2
14223,48,25.28,0.90,257,-2
14225,48,25.28,0.90,257,-2
14227,48,25.28,0.80,257,-2
14229,48,25.28,0.80,257,-2
14231,48,25.28,0.70,257,-2
14237,48,25.28,0.60,257,-1
14239,48,25.28,0.50,257,-1
14241,48,25.28,0.50,257,-1
14243,48,25.28,0.50,257,-1
14245,48,25.28,0.40,257,-1
14247,48,25.28,0.40,257,-1
14249,48,25.28,0.40,257,-1
14251,48,25.28,0.40,257,-1
14257,48,25.28,0.30,257,-1
14259,48,25.28,0.30,257,-2
14261,48,25.28,0.20,257,-2
14263,48,25.28,0.20,257,-2
14265,48,25.28,0.20,257,-2
14267,48,25.28,0.20,257,-2
14269,48,25.28,0.20,257,-2
14271,48,25.28,0.20,257,-1
14277,48,25.28,0.10,257,-1
14279,48,25.28,0.10,257,-1
14281,48,25.28,0.10,257,-1
14283,48,25.28,0.10,257,-1
14285,48,25.28,0.10,257,-1
14287,48,25.28,0.10,257,-1
14289,48,25.28,0.10,257,-1
14291,48,25.28,0.10,257,-1
14297,48,25.28,0.00,257,-1
14299,48,25.28,0.00,257,-1
14301,48,25.28,0.00,257,-1
14303,48,25.28,0.00,257,-1
14305,48,25.28,0.00,257,-2
14307,48,25.28,0.00,257,-2
14309,48,25.28,0.00,257,-2
14311,48,25.28,0.00,257,-2
14317,48,25.28,0.00,257,-2
14319,48,25.28,0.00,257,-2
14321,48,25.28,0.00,257,-2
14323,48,25.28,0.00,257,-2
14325,48,25.28,0.00,257,-2
14327,48,25.28,0.00,257,-2
14329,48,25.28,0.00,0,-1
14331,48,25.28,0.00,0,-1
14337,48,25.28,0.00,0,-1
14339,48,25.28,0.00,0,-1
14341,48,25.28,0.00,0,-2
14343,48,25.28,0.00,0,-2
14345,48,25.28,0.00,0,-2
14347,48,25.28,0.00,0,-2
14349,48,25.28,0.00,0,-2
14351,48,25.28,0.00,0,-2
14357,48,25.28,0.00,0,-2
14359,48,25.28,0.00,0,-2
14361,48,25.28,0.00,0,-2
14363,48,25.28,0.00,0,-2
14365,48,25.28,0.00,0,-2
14367,48,25.28,0.00,0,-2
14369,48,25.28,0.00,0,-2
14371,48,25.28,0.00,0,-2
14377,48,25.28,0.00,0,-2
14379,48,25.28,0.00,0,-2
14381,48,25.28,0.00,0,-2
14383,48,25.28,0.00,0,-2
14385,48,25.28,0.00,0,-2
14387,48,25.28,0.00,0,-1
14389,48,25.29,0.00,0,-1
14391,48,25.28,0.00,0,-1
14397,48,25.28,0.00,0,-1
14399,48,25.28,0.00,0,-1
14401,48,25.29,0.00,0,-1
14403,48,25.28,0.00,0,-1
14405,48,25.29,0.00,0,-1
14407,48,25.28,0.00,0,-1
14409,48,25.28,0.00,0,-1
14411,48,25.28,0.00,0,-2
14417,48,25.29,0.00,0,-2
14419,48,25.28,0.00,0,-2
14421,48,25.28,0.00,0,-2
14423,48,25.29,0.00,0,-2
14425,48,25.28,0.00,0,-2
14427,48,25.28,0.00,0,-2
14429,48,25.28,0.00,0,-2
14431,48,25.28,0.00,0,-2
14437,48,25.29,0.00,0,-2
14439,48,25.28,0.00,0,-2
14441,48,25.28,0.00,0,-2
14443,48,25.28,0.00,0,-2
14445,48,25.28,0.00,0,-2
14447,48,25.28,0.00,0,-2
14449,48,25.28,0.00,0,-2
14451,48,25.29,0.00,0,-2
14457,48,25.28,0.00,0,-2
14459,48,25.28,0.00,0,-2
14461,48,25.29,0.00,0,-2
14463,48,25.28,0.00,0,-2
14465,48,25.28,0.00,0,-2
14467,48,25.29,0.00,0,-2
14469,48,25.28,0.00,0,-2
14471,48,25.28,0.00,0,-2
14477,48,25.29,0.00,0,-2
14479,48,25.28,0.00,0,-2
14481,48,25.29,0.00,0,-1
14483,48,25.28,0.00,0,-1
14485,48,25.28,0.00,0,-1
14487,48,25.28,0.00,0,-1
14489,48,25.29,0.00,0,-1
14491,48,25.28,0.00,0,-1
14497,48,25.28,0.00,0,-1
14499,48,25.29,0.00,0,-1
14501,48,25.29,0.00,0,-1
14503,48,25.29,0.00,0,-1
14505,48,25.29,0.00,0,-1
14507,48,25.29,0.00,0,-1
14509,48,25.28,0.00,0,-1
14511,48,25.28,0.00,0,-1
14517,48,25.29,0.00,0,-2
14519,48,25.28,0.00,0,-2
14521,48,25.28,0.00,0,-2
14523,48,25.28,0.00,0,-2
14525,48,25.29,0.00,0,-2
14527,48,25.29,0.00,0,-1
14529,48,25.29,0.00,0,-1
14531,48,25.28,0.00,0,-1
14537,48,25.28,0.00,0,-1
14539,48,25.28,0.00,0,-2
14541,48,25.28,0.00,0,-2
14543,48,25.28,0.00,0,-2
14545,48,25.28,0.00,0,-2
14547,48,25.29,0.00,0,-2
14549,48,25.29,0.00,0,-2
14551,48,25.28,0.00,0,-1
14557,48,25.29,0.00,0,-1
14559,48,25.28,0.00,0,-1
14561,48,25.28,0.00,0,-1
14563,48,25.28,0.00,0,-2
14565,48,25.28,0.00,0,-2
14567,48,25.29,0.00,0,-2
14569,48,25.29,0.00,0,-2
14571,48,25.29,0.00,0,-2
14577,48,25.28,0.00,0,-2
14579,48,25.29,0.00,0,-2
14581,48,25.29,0.00,0,-2
14583,48,25.29,0.00,0,-2
14585,48,25.29,0.00,0,-1
14587,48,25.29,0.00,0,-1
14589,48,25.29,0.00,0,-1
14591,48,25.29,0.00,0,-1
14597,48,25.29,0.00,0,-1
14599,48,25.29,0.00,0,-1
14601,48,25.29,0.00,0,-1
14603,48,25.28,0.00,0,-1
14605,48,25.28,0.00,0,-1
14607,48,25.29,0.00,0,-1
14609,48,25.28,0.00,0,-1
14611,48,25.28,0.00,0,-1
14617,48,25.29,0.00,0,-1
14619,48,25.28,0.00,0,-1
14621,48,25.29,0.00,0,-2
14623,48,25.29,0.00,0,-2
14625,48,25.29,0.00,0,-2
14627,48,25.28,0.00,0,-2
14629,48,25.29,0.00,0,-2
14631,48,25.29,0.00,0,-2
14637,48,25.29,0.00,0,-1
14639,48,25.28,0.00,0,-1
14641,48,25.28,0.00,0,-1
14643,48,25.29,0.00,0,-1
14645,48,25.29,0.00,0,-1
14647,48,25.29,0.00,0,-1
14649,48,25.29,0.00,0,-1
14651,48,25.29,0.00,0,-1
14657,48,25.29,0.00,0,-1
14659,48,25.29,0.00,0,-1
14661,48,25.29,0.00,0,-1
14663,48,25.28,0.00,0,-1
14665,48,25.28,0.00,0,-1
14667,48,25.29,0.00,0,-2
14669,48,25.29,0.00,0,-2
14671,48,25.29,0.00,0,-2
14677,48,25.29,0.00,0,-2
14679,48,25.29,0.00,0,-1
14681,48,25.29,0.00,0,-1
14683,48,25.28,0.00,0,-1
14685,48,25.29,0.00,0,-1
14687,48,25.29,0.00,0,-1
14689,48,25.29,0.00,0,-1
14691,48,25.29,0.00,0,-2
14697,48,25.29,0.00,0,-2
14699,48,25.29,0.00,0,-2
14701,48,25.29,0.00,0,-2
14703,48,25.29,0.00,0,-1
14705,48,25.29,0.00,0,-1
14707,48,25.29,0.00,0,-1
14709,48,25.29,0.00,0,-1
14711,48,25.29,0.00,0,-1
14717,48,25.29,0.00,0,-2
14719,48,25.29,0.00,0,-2
14721,48,25.29,0.00,0,-2
14723,48,25.29,0.00,0,-2
14725,48,25.29,0.00,0,-2
14727,48,25.29,0.00,0,-2
14729,48,25.29,0.00,0,-2
14731,48,25.29,0.00,0,-2
14737,48,25.29,0.00,0,-2
14739,48,25.29,0.00,0,-2
14741,48,25.29,0.00,0,-2
14743,48,25.29,0.00,0,-2
14745,48,25.29,0.00,0,-2
14747,48,25.29,0.00,0,-2
14749,48,25.29,0.00,0,-2
14751,48,25.29,0.00,0,-2
14757,48,25.28,0.00,0,-2
14759,48,25.29,0.00,0,-2
14761,48,25.29,0.00,0,-2
14763,48,25.29,0.00,0,-2
14765,48,25.29,0.00,0,-2
14767,48,25.29,0.00,0,-2
14769,48,25.29,0.00,0,-2
14771,48,25.29,0.00,0,-2
14777,48,25.29,0.00,0,-2
14779,48,25.29,0.00,0,-2
14781,48,25.29,0.00,0,-2
14783,48,25.29,0.00,0,-2
14785,48,25.29,0.00,0,-1
14787,48,25.29,0.00,0,-1
14789,48,25.29,0.00,0,-1
14791,48,25.29,0.00,0,-1
14797,48,25.29,0.00,0,-1
14799,48,25.29,0.00,0,-1
14801,48,25.29,0.00,0,-1
14803,48,25.29,0.00,0,-1
14805,48,25.29,0.00,0,-1
14807,48,25.29,0.00,0,-1
14809,48,25.29,0.00,0,-1
14811,48,25.29,0.00,0,-1
14817,48,25.29,0.00,0,-1
14819,48,25.29,0.00,0,-1
14821,48,25.29,0.00,0,-1
14823,48,25.29,0.00,0,-1
14825,48,25.29,0.00,0,-1
14827,48,25.29,0.00,0,-1
14829,48,25.29,0.00,0,-1
14831,48,25.29,0.00,0,-2
14837,48,25.29,0.00,0,-2
14839,48,25.29,0.00,0,-2
14841,48,25.29,0.00,0,-2
14843,48,25.29,0.00,0,-2
14845,48,25.29,0.00,0,-2
14847,48,25.29,0.00,0,-2
14849,48,25.29,0.00,0,-2
14851,48,25.29,0.00,0,-2
14857,48,25.29,0.00,0,-2
14859,48,25.29,0.00,0,-2
14861,48,25.29,0.00,0,-2
14863,48,25.29,0.00,0,-2
14865,48,25.29,0.00,0,-2
14867,48,25.29,0.00,0,-2
14869,48,25.29,0.00,0,-2
14871,48,25.29,0.00,0,-2
14877,48,25.29,0.00,0,-2
14879,48,25.29,0.00,0,-2
14881,48,25.29,0.00,0,-2
14883,48,25.29,0.00,0,-2
14885,48,25.29,0.00,0,-2
14887,48,25.29,0.00,0,-2
14889,48,25.29,0.00,0,-2
14891,48,25.29,0.00,0,-2
14897,48,25.29,0.00,0,-2
14899,48,25.29,0.00,0,-2
14901,48,25.29,0.00,0,-2
14903,48,25.29,0.00,0,-2
14905,48,25.29,0.00,0,-2
14907,48,25.29,0.00,0,-2
14909,48,25.29,0.00,0,-2
14911,48,25.29,0.00,0,-2
14917,48,25.29,0.00,0,-2
14919,48,25.29,0.00,0,-2
14921,48,25.29,0.00,0,-2
14923,48,25.29,0.00,0,-2
14925,48,25.29,0.00,0,-2
14927,48,25.29,0.00,0,-2
14929,48,25.29,0.00,0,-2
14931,48,25.29,0.00,0,-2
14937,48,25.29,0.00,0,-1
14939,48,25.29,0.00,0,-1
14941,48,25.29,0.00,0,-1
14943,48,25.29,0.00,0,-1
14945,48,25.29,0.00,0,-1
14947,48,25.29,0.00,0,-2
14949,48,25.29,0.00,0,-2
14951,48,25.29,0.00,0,-2
14957,48,25.29,0.00,0,-2
14959,48,25.29,0.00,0,-2
14961,48,25.28,0.00,0,-2
14963,48,25.29,0.00,0,-2
14965,48,25.29,0.00,0,-2
14967,48,25.29,0.00,0,-2
14969,48,25.29,0.00,0,-2
14971,48,25.29,0.00,0,-1
14977,48,25.29,0.00,0,-1
14979,48,25.29,0.00,0,-1
14981,48,25.29,0.00,0,-1
14983,48,25.29,0.00,0,-2
14985,48,25.29,0.00,0,-2
14987,48,25.29,0.00,0,-2
14989,48,25.29,0.00,0,-2
14991,48,25.29,0.00,0,-2
14997,48,25.29,0.00,0,-2
14999,48,25.29,0.00,0,-2
15001,48,25.29,0.00,0,-2
15003,48,25.29,0.00,0,-2
15005,48,25.29,0.00,0,-2
15007,48,25.29,0.00,0,-2
15009,48,25.29,0.00,0,-2
15011,48,25.29,0.00,0,-2
15017,48,25.29,0.00,0,-2
15019,48,25.29,0.00,0,-2
15021,48,25.29,0.00,0,-2
15023,48,25.29,0.00,0,-2
15025,48,25.29,0.00,0,-2
15027,48,25.29,0.00,0,-2
15029,48,25.29,0.00,0,-2
15031,48,25.29,0.00,0,-2
15037,48,25.29,0.00,0,-2
15039,48,25.29,0.00,0,-2
15041,48,25.29,0.00,0,-2
15043,48,25.29,0.00,0,-2
15045,48,25.29,0.00,0,-2
15047,48,25.29,0.00,0,-2
15049,48,25.29,0.00,0,-2
15051,48,25.29,0.00,0,-2
15057,48,25.29,0.00,0,-2
15059,48,25.29,0.00,0,-2
15061,48,25.29,0.00,0,-2
15063,48,25.29,0.00,0,-2
15065,48,25.29,0.00,0,-2
15067,48,25.29,0.00,0,-2
15069,48,25.29,0.00,0,-2
15071,48,25.29,0.00,0,-2
15077,48,25.29,0.00,0,-2
15079,48,25.29,0.00,0,-2
15081,48,25.29,0.00,0,-2
15083,48,25.29,0.00,0,-2
15085,48,25.29,0.00,0,-2
15087,48,25.29,0.00,0,-2
15089,48,25.29,0.00,0,-2
15091,48,25.29,0.00,0,-2
15097,48,25.29,0.00,0,-2
15099,48,25.29,0.00,0,-2
15101,48,25.29,0.00,0,-2
15103,48,25.29,0.00,0,-2
15105,48,25.29,0.00,0,-2
15107,48,25.29,0.00,0,-2
15109,48,25.29,0.00,0,-2
15111,48,25.29,0.00,0,-1
15117,48,25.29,0.00,0,-1
15119,48,25.29,0.00,0,-1
15121,48,25.29,0.00,0,-1
15123,48,25.29,0.00,0,-1
15125,48,25.29,0.00,0,-1
15127,48,25.29,0.00,0,-1
15129,48,25.29,0.00,0,-1
15131,48,25.29,0.00,0,-1
15137,48,25.29,0.00,0,-2
15139,48,25.29,0.00,0,-2
15141,48,25.29,0.00,0,-2
15143,48,25.29,0.00,0,-2
15145,48,25.29,0.00,0,-2
15147,48,25.29,0.00,0,-2
15149,48,25.29,0.00,0,-2
15151,48,25.29,0.00,0,-2
15157,48,25.29,0.00,0,-1
15159,48,25.29,0.00,0,-1
15161,48,25.29,0.00,0,-1
15163,48,25.29,0.00,0,-1
15165,48,25.28,0.00,0,-1
15167,48,25.29,0.00,0,-1
15169,48,25.29,0.00,0,-2
15171,48,25.29,0.00,0,-2
15177,48,25.29,0.00,0,-2
15179,48,25.29,0.00,0,-2
15181,48,25.29,0.00,0,-2
15183,48,25.30,0.00,0,-2
15185,48,25.29,0.00,0,-2
15187,48,25.29,0.00,0,-2
15189,48,25.29,0.00,0,-2
15191,48,25.29,0.00,0,-2
15197,48,25.29,0.00,0,-2
15199,48,25.29,0.00,0,-2
15201,48,25.29,0.00,0,-2
15203,48,25.29,0.00,0,-2
15205,48,25.29,0.00,0,-1
15207,48,25.29,0.00,0,-1
15209,48,25.29,0.00,0,-1
15211,48,25.29,0.00,0,-1
15217,48,25.29,0.00,0,-1
15219,48,25.29,0.00,0,-1
15221,48,25.29,0.00,0,-1
15223,48,25.29,0.00,0,-1
15225,48,25.29,0.00,0,-1
15227,48,25.29,0.00,0,-1
15229,48,25.29,0.00,0,-1
15231,48,25.29,0.00,0,-1
15237,48,25.29,0.00,0,-1
15239,48,25.29,0.00,0,-1
15241,48,25.29,0.00,0,-1
15243,48,25.29,0.00,0,-1
15245,48,25.29,0.00,0,-1
15247,48,25.29,0.00,0,-1
15249,48,25.29,0.00,0,-1
15251,48,25.29,0.00,0,-2
15257,48,25.29,0.00,0,-2
15259,48,25.29,0.00,0,-2
15261,48,25.29,0.00,0,-2
15263,48,25.29,0.00,0,-1
15265,48,25.29,0.00,0,-1
15267,48,25.29,0.00,0,-1
15269,48,25.29,0.00,0,-1
15271,48,25.29,0.00,0,-1
15277,48,25.29,0.00,0,-1
15279,48,25.29,0.00,0,-1
15281,48,25.29,0.00,0,-1
15283,48,25.29,0.00,0,-1
15285,48,25.29,0.00,0,-1
15287,48,25.29,0.00,0,-1
15289,48,25.29,0.00,0,-1
15291,48,25.29,0.00,0,-1
15297,48,25.29,0.00,0,-2
15299,48,25.29,0.00,0,-2
15301,48,25.29,0.00,0,-2
15303,48,25.29,0.00,0,-2
15305,48,25.29,0.00,0,-2
15307,48,25.29,0.00,0,-2
15309,48,25.29,0.00,0,-1
15311,48,25.29,0.00,0,-1
15317,48,25.29,0.00,0,-1
15319,48,25.29,0.00,0,-1
15321,48,25.29,0.00,0,-1
15323,48,25.29,0.00,0,-1
15325,48,25.29,0.00,0,-1
15327,48,25.30,0.00,0,-1
15329,48,25.29,0.00,0,-1
15331,48,25.29,0.00,0,-1
15337,48,25.29,0.00,0,-2
15339,48,25.29,0.00,0,-2
15341,48,25.29,0.00,0,-2
15343,48,25.29,0.00,0,-2
15345,48,25.29,0.00,0,-1
15347,48,25.29,0.00,0,-1
15349,48,25.29,0.00,0,-1
15351,48,25.29,0.00,0,-1
15357,48,25.29,0.00,0,-2
15359,48,25.29,0.00,0,-2
15361,48,25.29,0.00,0,-2
15363,48,25.29,0.00,0,-2
15365,48,25.29,0.00,0,-2
15367,48,25.30,0.00,0,-1
15369,48,25.29,0.00,0,-1
15371,48,25.29,0.00,0,-1
15377,48,25.29,0.00,0,-1
15379,48,25.29,0.00,0,-1
15381,48,25.29,0.00,0,-1
15383,48,25.29,0.00,0,-1
15385,48,25.29,0.00,0,-1
15387,48,25.29,0.00,0,-1
15389,48,25.29,0.00,0,-1
15391,48,25.29,0.00,0,-1
15397,48,25.30,0.00,0,-1
15399,48,25.29,0.00,0,-1
15401,48,25.29,0.00,0,-1
15403,48,25.29,0.00,0,-2
15405,48,25.29,0.00,0,-2
15407,48,25.29,0.00,0,-2
15409,48,25.29,0.00,0,-2
15411,48,25.29,0.00,0,-2
15417,48,25.29,0.00,0,-2
15419,48,25.29,0.00,0,-2
15421,48,25.29,0.00,0,-2
15423,48,25.29,0.00,0,-2
15425,48,25.29,0.00,0,-2
15427,48,25.30,0.00,0,-1
15429,48,25.30,0.00,0,-1
15431,48,25.29,0.00,0,-1
15437,48,25.29,0.00,0,-1
15439,48,25.29,0.00,0,-1
15441,48,25.29,0.00,0,-1
15443,48,25.29,0.00,0,-1
15445,48,25.29,0.00,0,-1
15447,48,25.29,0.00,0,-1
15449,48,25.29,0.00,0,-2
15451,48,25.29,0.00,0,-2
15457,48,25.29,0.00,0,-2
15459,48,25.30,0.00,0,-2
15461,48,25.29,0.00,0,-2
15463,48,25.29,0.00,0,-2
15465,48,25.29,0.00,0,-2
15467,48,25.29,0.00,0,-2
15469,48,25.29,0.00,0,-2
15471,48,25.29,0.00,0,-2
15477,48,25.29,0.00,0,-1
15479,48,25.29,0.00,0,-1
15481,48,25.29,0.00,0,-1
15483,48,25.29,0.00,0,-1
15485,48,25.29,0.00,0,-2
15487,48,25.29,0.00,0,-2
15489,48,25.29,0.00,0,-2
15491,48,25.29,0.00,0,-2
15497,48,25.29,0.00,0,-2
15499,48,25.29,0.00,0,-2
15501,48,25.30,0.00,0,-2
15503,48,25.29,0.00,0,-2
15505,48,25.29,0.00,0,-2
15507,48,25.29,0.00,0,-1
15509,48,25.29,0.00,0,-1
15511,48,25.29,0.00,0,-1
15517,48,25.30,0.00,0,-1
15519,48,25.29,0.00,0,-2
15521,48,25.29,0.00,0,-2
15523,48,25.29,0.00,0,-2
15525,48,25.29,0.00,0,-2
15527,48,25.30,0.00,0,-2
15529,48,25.30,0.00,0,-2
15531,48,25.29,0.00,0,-2
15537,48,25.29,0.00,0,-2
15539,48,25.29,0.00,0,-2
15541,48,25.30,0.00,0,-2
15543,48,25.29,0.00,0,-2
15545,48,25.29,0.00,0,-2
15547,48,25.29,0.00,0,-2
15549,48,25.29,0.00,0,-2
15551,48,25.29,0.00,0,-2
15557,48,25.29,0.00,0,-2
15559,48,25.30,0.00,0,-2
15561,48,25.29,0.00,0,-2
15563,48,25.30,0.00,0,-2
15565,48,25.29,0.00,0,-2
15567,48,25.29,0.00,0,-2
15569,48,25.29,0.00,0,-2
15571,48,25.29,0.00,0,-2
15574,48,25.29,0.00,0,-2
15576,48,25.29,0.00,0,-2
15577,48,25.29,0.00,0,-2
15579,48,25.30,0.00,0,-1
15580,48,25.30,0.00,0,-1
15582,48,25.29,0.00,0,-1
15583,48,25.30,0.00,0,-1
15585,48,25.29,0.00,0,-1
15586,48,25.29,0.00,0,-1
15588,48,25.30,0.00,0,-1
15589,48,25.29,0.00,0,-2
15591,48,25.29,0.00,0,-2
15592,48,25.29,0.00,0,-2
15594,48,25.29,0.00,0,-2
15596,48,25.29,0.00,0,-2
15599,48,25.29,0.00,0,-2
15601,48,25.29,0.00,0,-1
15603,48,25.30,0.00,0,-1
15605,48,25.29,0.00,0,-1
15608,48,25.29,0.00,0,-1
15610,48,25.29,0.00,0,-1
15612,48,25.30,0.00,0,-1
15614,48,25.29,0.00,0,-1
15617,48,25.29,0.00,0,-1
15619,48,25.29,0.00,0,-1
15621,48,25.29,0.00,0,-1
15623,48,25.30,0.00,0,-1
15626,48,25.29,0.00,0,-1
15628,48,25.29,0.00,0,-1
15630,48,25.30,0.00,0,-1
15632,48,25.29,0.00,0,-1
15635,48,25.29,0.00,0,-1
15637,48,25.29,0.00,0,-2
15639,48,25.30,0.00,0,-2
15642,48,25.29,0.00,0,-2
15644,48,25.29,0.00,0,-2
15646,48,25.30,0.00,0,-2
15648,48,25.29,0.00,0,-2
15651,48,25.29,0.00,0,-2
15653,48,25.29,0.00,0,-2
15655,48,25.30,0.00,0,-2
15657,48,25.30,0.00,0,-2
15660,48,25.29,0.00,0,-2
15662,48,25.30,0.00,0,-2
15664,48,25.30,0.00,0,-2
15666,48,25.29,0.00,0,-2
15669,48,25.30,0.00,0,-2
15671,48,25.29,0.00,0,-2
15674,48,25.29,0.00,0,-2
15675,48,25.29,0.00,0,-2
15678,48,25.29,0.00,0,-2
15680,48,25.29,0.00,0,-2
15682,48,25.30,0.00,0,-1
15684,48,25.30,0.00,0,-1
15687,48,25.29,0.00,0,-1
15689,48,25.30,0.00,0,-1
15691,48,25.30,0.00,0,-1
15694,48,25.29,0.00,0,-1
15696,48,25.29,0.00,0,-1
15698,48,25.29,0.00,0,-1
15700,48,25.29,0.00,0,-1
15702,48,25.29,0.00,0,-1
15705,48,25.30,0.00,0,-1
15707,48,25.30,0.00,0,-2
15709,48,25.30,0.00,0,-2
15711,48,25.29,0.00,0,-2
15714,48,25.30,0.00,0,-2
15716,48,25.29,0.00,0,-2
15718,48,25.29,0.00,0,-2
15720,48,25.30,0.00,0,-2
15723,48,25.29,0.00,0,-2
15725,48,25.30,0.00,0,-2
15727,48,25.29,0.00,0,-2
15730,48,25.29,0.00,0,-2
15732,48,25.30,0.00,0,-2
15734,48,25.30,0.00,0,-2
15736,48,25.29,0.00,0,-2
15739,48,25.30,0.00,0,-2
15741,48,25.29,0.00,0,-2
15743,48,25.29,0.00,0,-2
15745,48,25.30,0.00,0,-2
15748,48,25.30,0.00,0,-2
15750,48,25.29,0.00,0,-2
15752,48,25.29,0.00,0,-2
15754,48,25.29,0.00,0,-2
15757,48,25.30,0.00,0,-2
15759,48,25.29,0.00,0,-2
15761,48,25.29,0.00,0,-2
15763,48,25.30,0.00,0,-2
15766,48,25.30,0.00,0,-2
15768,48,25.29,0.00,0,-2
15770,48,25.30,0.00,0,-2
15772,48,25.30,0.00,0,-2
15775,48,25.30,0.00,0,-2
15777,48,25.30,0.00,0,-2
15779,48,25.30,0.00,0,-2
15781,48,25.30,0.00,0,-2
15784,48,25.30,0.00,0,-2
15786,48,25.29,0.00,0,-2
15788,48,25.30,0.00,0,-2
15790,48,25.29,0.00,0,-2
15793,48,25.29,0.00,0,-2
15795,48,25.29,0.00,0,-2
15797,48,25.30,0.00,0,-2
15800,48,25.29,0.00,0,-2
15802,48,25.29,0.00,0,-2
15804,48,25.30,0.00,0,-2
15806,48,25.30,0.00,0,-2
15809,48,25.30,0.00,0,-2
15811,48,25.30,0.00,0,-2
15816,48,25.30,0.00,0,-2
15817,48,25.30,0.00,0,-2
15819,48,25.29,0.00,0,-2
15820,48,25.30,0.00,0,-2
15822,48,25.29,0.00,0,-2
15824,48,25.29,0.00,0,-1
15827,48,25.30,0.00,0,-1
15829,48,25.29,0.00,0,-1
15831,48,25.30,0.00,0,-1
15834,48,25.30,0.00,0,-1
15836,48,25.30,0.00,0,-1
15838,48,25.29,0.00,0,-1
15840,48,25.29,0.00,0,-1
15842,48,25.30,0.00,0,-1
15845,48,25.30,0.00,0,-1
15847,48,25.29,0.00,0,-1
15849,48,25.29,0.00,0,-1
15851,48,25.29,0.00,0,-1
15854,48,25.30,0.00,0,-1
15856,48,25.30,0.00,0,-1
15858,48,25.29,0.00,0,-2
15860,48,25.30,0.00,0,-2
15863,48,25.30,0.00,0,-2
15865,48,25.30,0.00,0,-2
15867,48,25.30,0.00,0,-2
15870,48,25.30,0.00,0,-2
15872,48,25.30,0.00,0,-2
15874,48,25.30,0.00,0,-2
15876,48,25.30,0.00,0,-2
15878,48,25.30,0.00,0,-2
15881,48,25.29,0.00,0,-2
15883,48,25.29,0.00,0,-2
15885,48,25.29,0.00,0,-2
15888,48,25.30,0.00,0,-2
15890,48,25.29,0.00,0,-2
15892,48,25.30,0.00,0,-2
15894,48,25.29,0.00,0,-2
15897,48,25.29,0.00,0,-2
15899,48,25.29,0.00,0,-2
15901,48,25.30,0.00,0,-2
15903,48,25.30,0.00,0,-2
15906,48,25.30,0.00,0,-2
15908,48,25.30,0.00,0,-2
15910,48,25.29,0.00,0,-2
15912,48,25.30,0.00,0,-2
15915,48,25.30,0.00,0,-2
15917,48,25.30,0.00,0,-2
15919,48,25.30,0.00,0,-2
15921,48,25.30,0.00,0,-2
15924,48,25.30,0.00,0,-2
15926,48,25.30,0.00,0,-2
15928,48,25.30,0.00,0,-2
15930,48,25.30,0.00,0,-2
15933,48,25.30,0.00,0,-2
15935,48,25.30,0.00,0,-2
15937,48,25.30,0.00,0,-2
15940,48,25.29,0.00,0,-2
15942,48,25.30,0.00,0,-2
15944,48,25.30,0.00,0,-2
15946,48,25.30,0.00,0,-2
15948,48,25.30,0.00,0,-2
15951,48,25.30,0.00,0,-1
15956,48,25.30,0.00,0,-1
15957,48,25.30,0.00,0,-1
15959,48,25.30,0.00,0,-1
15960,48,25.30,0.00,0,-1
15962,48,25.30,0.00,0,-1
15964,48,25.30,0.00,0,-2
15967,48,25.30,0.00,0,-2
15969,48,25.30,0.00,0,-2
15971,48,25.29,0.00,0,-2
15974,48,25.30,0.00,0,-2
15976,48,25.30,0.00,0,-2
15978,48,25.30,0.00,0,-2
15980,48,25.30,0.00,0,-2
15982,48,25.30,0.00,0,-2
15985,48,25.29,0.00,0,-2
15987,48,25.29,0.00,0,-1
15989,48,25.30,0.00,0,-1
15991,48,25.29,0.00,0,-1
15994,48,25.30,0.00,0,-1
15996,48,25.30,0.00,0,-1
15998,48,25.30,0.00,0,-1
16000,48,25.30,0.00,0,-1
16003,48,25.30,0.00,0,-1
16005,49,25.30,0.00,0,-1
16007,50,25.30,0.00,0,-1
16010,51,25.30,0.00,0,-1
16012,51,25.30,0.00,0,-1
16014,52,25.30,0.00,0,-1
16016,53,25.30,0.00,0,-1
16019,54,25.30,0.00,0,-1
16021,54,25.30,0.00,0,-1
16023,55,25.30,0.00,0,-1
16025,56,25.30,0.00,0,-1
16028,57,25.30,0.00,0,-1
16030,57,25.30,0.00,0,-1
16032,58,25.30,0.00,0,-1
16034,59,25.30,0.00,0,-1
16037,60,25.30,0.00,0,-1
16039,60,25.30,0.00,0,-1
16041,61,25.30,0.00,0,-1
16043,62,25.30,0.00,0,-1
16046,63,25.30,0.00,0,-2
16048,63,25.30,0.00,0,-2
16050,64,25.30,0.00,0,-2
16052,65,25.30,0.00,0,-2
16055,66,25.30,0.00,0,-2
16057,66,25.30,0.00,0,-2
16059,67,25.30,0.00,0,-2
16061,68,25.30,0.00,0,-2
16064,69,25.30,0.00,0,-2
16066,69,25.30,0.00,0,-2
16068,70,25.30,0.00,0,-1
16070,71,25.30,0.00,0,-1
16073,72,25.30,0.00,0,-1
16075,72,25.30,0.00,0,-1
16077,73,25.30,0.00,0,-1
16080,74,25.30,0.00,0,-1
16082,75,25.30,0.00,0,-1
16084,75,25.30,0.00,0,-1
16086,76,25.30,0.00,0,-1
16089,77,25.30,0.00,0,-1
16091,78,25.30,0.00,0,-2
16096,79,25.30,0.00,0,-2
16097,80,25.30,0.00,0,-2
16099,80,25.30,0.00,0,-2
16100,81,25.30,0.00,0,-2
16102,81,25.30,0.00,0,-2
16104,82,25.30,0.00,0,-2
16107,83,25.30,0.00,0,-2
16109,84,25.30,0.00,0,-2
16111,84,25.30,0.00,0,-2
16114,85,25.30,0.00,0,-2
16116,86,25.30,0.00,0,-2
16118,87,25.30,0.00,0,-2
16120,87,25.30,0.00,0,-2
16122,88,25.30,0.00,0,-2
16125,89,25.30,0.00,0,-2
16127,90,25.30,0.00,0,-1
16129,90,25.30,0.00,0,-1
16131,91,25.30,0.00,0,-1
16134,92,25.30,0.00,0,-1
16136,93,25.30,0.00,0,-1
16138,93,25.30,0.00,0,-1
16140,94,25.30,0.00,0,-1
16143,95,25.30,0.00,0,-1
16145,96,25.30,0.00,0,-1
16147,96,25.30,0.00,0,-1
16150,97,25.30,0.00,0,-1
16152,98,25.30,0.00,0,-1
16154,99,25.30,0.00,0,-1
16156,99,25.30,0.00,0,-1
16158,100,25.30,0.00,0,-1
16161,101,25.30,0.00,0,-2
16163,102,25.30,0.00,0,-2
16166,102,25.30,0.00,0,-2
16168,103,25.30,0.00,0,-2
16170,104,25.30,0.00,0,-2
16173,105,25.30,0.00,0,-2
16175,106,25.30,0.00,0,-2
16177,106,25.30,0.00,0,-2
16180,107,25.30,0.00,0,-2
16182,108,25.30,0.20,0,-2
16184,109,25.30,0.50,0,-2
16187,110,25.30,1.20,128,-2
16189,110,25.28,1.10,128,-2
16192,111,25.28,1.30,1457,-2
16194,112,25.28,1.30,1457,-2
16197,113,25.28,1.30,1457,-2
16199,114,25.26,1.70,1457,-2
16202,115,25.26,1.70,1457,-2
16205,116,25.28,1.60,1457,-2
16207,116,25.28,1.60,1457,-2
16210,117,25.28,1.70,1457,-2
16212,118,25.29,1.80,1457,-2
16215,119,25.29,2.00,2000,-2
16218,120,25.28,1.80,2000,-2
16220,121,25.28,1.90,2000,-1
16223,122,25.28,2.00,2000,-1
16225,122,25.29,1.90,2000,-1
16228,123,25.28,1.80,2000,-1
16231,124,25.28,1.80,2000,-1
16234,125,25.29,2.10,2171,-1
16236,126,25.29,2.20,2171,-1
16239,127,25.29,2.10,2171,-1
16241,128,25.28,2.40,2171,-1
16244,129,25.28,2.20,2171,-2
16246,129,25.29,2.20,2171,-2
16249,130,25.28,2.10,2285,-2
16252,131,25.28,2.10,2285,-2
16254,132,25.29,2.40,2285,-2
16257,133,25.29,2.30,2285,-2
16259,134,25.28,2.50,2285,-2
16262,135,25.28,2.30,2285,-2
16265,136,25.28,2.30,2400,-2
16267,136,25.29,2.50,2400,-1
16270,137,25.29,2.50,2400,-1
16272,138,25.29,2.50,2400,-1
16275,139,25.29,2.50,2400,-1
16278,140,25.29,2.50,2400,-1
16280,141,25.29,2.60,2400,-1
16283,142,25.28,2.50,2400,-1
16285,142,25.29,2.40,2557,-1
16288,143,25.29,2.40,2557,-1
16291,144,25.29,2.20,2557,-1
16294,145,25.29,2.10,2557,-1
16296,146,25.28,2.50,2557,-1
16298,147,25.28,2.40,2557,-1
16301,148,25.29,2.70,2557,-1
16304,149,25.28,2.60,2671,-1
16306,149,25.28,2.50,2671,-1
16309,150,25.29,2.50,2671,-1
16311,151,25.28,2.40,2671,-1
16314,152,25.28,2.30,2671,-2
16317,153,25.28,2.40,2671,-2
16319,154,25.28,2.50,2785,-2
16322,155,25.28,2.60,2785,-2
16325,156,25.28,2.50,2785,-2
16327,156,25.28,2.40,2785,-2
16330,157,25.28,2.50,2785,-2
16332,158,25.28,2.50,2785,-2
16335,159,25.28,2.60,2785,-2
16338,160,25.28,2.60,2900,-1
16340,161,25.28,2.70,2900,-1
16343,162,25.28,2.50,2900,-1
16345,162,25.28,2.50,2900,-1
16348,163,25.28,2.30,2900,-1
16351,164,25.28,2.20,2900,-1
16356,166,25.28,2.50,3114,-1
16357,166,25.28,2.50,3114,-1
16359,167,25.28,2.50,3257,-1
16361,168,25.28,2.50,3257,-1
16364,168,25.28,2.30,3257,-1
16366,169,25.28,2.30,3257,-1
16369,170,25.28,2.30,3257,-1
16371,171,25.28,2.20,3257,-1
16374,172,25.28,2.20,3257,-1
16377,173,25.28,2.30,3257,-1
16379,174,25.28,2.40,3371,-1
16382,175,25.28,2.30,3371,-1
16384,175,25.28,2.40,3371,-1
16387,176,25.28,2.50,3371,-1
16390,177,25.28,2.70,3371,-1
16392,178,25.27,2.60,3371,-1
16395,179,25.28,2.50,3371,-2
16397,180,25.28,2.50,3500,-2
16400,181,25.28,2.40,3500,-2
16403,182,25.28,2.30,3500,-2
16405,182,25.28,2.40,3500,-2
16408,183,25.27,2.40,3500,-2
16410,184,25.28,2.70,3500,-2
16415,186,25.28,2.80,3628,-2
16416,186,25.28,3.00,3628,-2
16418,187,25.28,2.90,3628,-1
16421,188,25.28,2.90,3628,-1
16423,188,25.28,3.10,3628,-1
16426,189,25.28,3.10,3742,-1
16429,190,25.27,2.90,3742,-1
16431,191,25.28,2.90,3742,-1
16434,192,25.27,2.90,3742,-1
16436,193,25.27,2.90,3742,-1
16439,194,25.28,2.90,3742,-1
16442,195,25.28,2.80,3742,-1
16444,195,25.27,2.90,3871,-1
16447,196,25.27,3.10,3871,-1
16449,197,25.27,3.00,3871,-1
16452,198,25.27,3.00,3871,-1
16455,199,25.28,3.00,3871,-1
16457,200,25.28,3.20,3871,-1
16460,201,25.27,3.30,3971,-1
16462,201,25.27,3.30,3971,-1
16465,202,25.28,3.20,3971,-2
16468,203,25.27,3.20,3971,-2
16470,204,25.28,3.00,3971,-2
16476,206,25.28,3.30,4185,-2
16477,206,25.28,3.40,4185,-2
16479,207,25.28,3.50,4185,-2
16481,208,25.27,3.50,4185,-2
16483,208,25.27,3.50,4185,-2
16486,209,25.28,3.50,4185,-2
16489,210,25.27,3.50,4185,-1
16491,211,25.27,3.60,4300,-1
16494,212,25.28,3.70,4300,-1
16496,213,25.27,3.60,4300,-1
16499,214,25.27,3.60,4300,-1
16502,215,25.27,3.50,4300,-1
16504,215,25.28,3.50,4300,-1
16507,216,25.27,3.30,4414,-1
16509,217,25.27,3.00,4414,-1
16512,218,25.27,3.00,4414,-1
16515,219,25.27,3.00,4414,-1
16517,220,25.27,3.20,4414,-1
16520,221,25.27,3.40,4414,-1
16522,221,25.27,3.40,4414,-1
16525,222,25.27,3.40,4414,-2
16528,223,25.27,3.50,4557,-2
16530,224,25.27,3.30,4557,-2
16533,225,25.27,3.40,4557,-2
16536,226,25.27,3.30,4557,-2
16538,227,25.27,3.40,4557,-2
16541,228,25.27,3.70,4557,-2
16543,228,25.27,3.50,4657,-2
16546,229,25.28,3.40,4657,-2
16549,230,25.27,3.30,4657,-2
16551,231,25.27,3.60,4657,-2
16554,232,25.27,3.50,4657,-2
16556,233,25.27,3.50,4657,-2
16559,234,25.27,3.40,4771,-2
16561,234,25.27,3.40,4771,-2
16564,235,25.27,3.40,4771,-2
16567,236,25.25,3.30,4771,-2
16569,237,25.27,3.40,4771,-1
16572,238,25.27,3.30,4771,-1
16574,239,25.27,3.50,4771,-1
16577,240,25.27,3.70,4885,-1
16580,241,25.27,3.50,4885,-1
16582,241,25.26,3.50,4885,-1
16585,242,25.26,3.50,4885,-1
16587,243,25.27,3.40,4885,-1
16590,244,25.27,3.40,4885,-1
16593,245,25.27,3.70,4885,-1
16595,246,25.26,3.80,5057,-1
16598,247,25.26,3.90,5057,-1
16600,247,25.27,3.80,5057,-1
16603,248,25.27,3.70,5057,-1
16606,249,25.27,3.70,5057,-1
16608,250,25.27,3.60,5057,-1
16611,251,25.27,3.60,5057,-1
16614,252,25.27,3.80,5171,-1
16616,253,25.27,3.80,5171,-1
16619,254,25.27,3.80,5171,-1
16621,254,25.27,3.90,5171,-1
16624,255,25.27,3.80,5171,-1
16627,256,25.27,4.00,5257,-1
16629,257,25.26,4.00,5257,0
16632,258,25.27,4.00,5257,0
16634,259,25.27,3.70,5257,0
16637,260,25.26,3.90,5257,0
16639,260,25.27,4.00,5257,0
16642,261,25.26,3.80,5257,0
16644,262,25.26,4.00,5442,0
16647,263,25.26,4.00,5442,0
16649,264,25.26,4.10,5442,0
16652,265,25.26,4.00,5442,-1
16654,265,25.26,4.00,5442,-1
16657,266,25.27,4.10,5442,-1
16660,267,25.26,4.20,5442,-1
16662,268,25.26,4.20,5442,-1
16665,269,25.26,4.20,5542,-1
16667,270,25.26,4.30,5542,-1
16670,271,25.26,4.10,5542,-1
16673,272,25.26,4.10,5542,-1
16675,272,25.26,4.20,5542,0
16678,273,25.26,4.20,5542,0
16680,274,25.27,4.40,5542,0
16683,275,25.26,4.30,5671,0
16685,276,25.26,4.20,5671,0
16688,277,25.26,4.10,5671,0
16690,277,25.26,4.00,5671,0
16696,279,25.26,4.30,5985,0
16697,280,25.26,4.40,5985,0
16699,280,25.26,4.30,5985,0
16700,281,25.26,4.30,5985,0
16703,282,25.26,4.20,5985,0
16705,282,25.26,4.20,5985,0
16708,283,25.26,4.30,5985,0
16711,284,25.26,4.30,5985,0
16716,286,25.26,4.10,6085,0
16717,286,25.25,4.20,6085,0
16719,287,25.26,4.20,6085,0
16721,288,25.26,4.30,6085,0
16723,288,25.26,4.20,6085,0
16726,289,25.26,4.10,6085,0
16728,290,25.26,4.10,6128,0
16731,291,25.26,4.40,6128,0
16734,292,25.25,4.50,6128,-1
16736,293,25.26,4.30,6128,-1
16738,293,25.26,4.50,6128,-1
16741,294,25.26,4.40,6128,-1
16744,295,25.25,4.70,6128,-1
16746,296,25.26,4.50,6300,-1
16749,297,25.25,4.60,6300,-1
16751,298,25.26,4.60,6300,-1
16754,299,25.26,4.40,6300,-1
16757,300,25.25,4.40,6300,-1
16759,300,25.26,4.40,6300,-1
16762,301,25.26,4.40,6300,-1
16764,302,25.26,4.60,6300,-1
16767,303,25.26,4.60,6400,-1
16770,304,25.25,4.70,6400,-1
16772,305,25.25,4.40,6400,-1
16775,306,25.25,4.60,6400,-1
16777,306,25.25,4.50,6400,-1
16780,307,25.26,4.40,6557,0
16783,308,25.25,4.70,6557,0
16785,309,25.26,4.70,6557,0
16788,310,25.25,4.80,6557,0
16790,311,25.25,4.90,6557,0
16793,312,25.26,4.70,6557,0
16795,312,25.26,4.70,6557,0
16798,313,25.25,4.90,6557,0
16800,314,25.25,4.80,6642,0
16803,315,25.26,5.00,6642,0
16805,316,25.25,4.80,6642,0
16808,317,25.25,5.20,6642,0
16810,317,25.25,4.90,6642,0
16813,318,25.25,5.00,6642,0
16815,319,25.25,5.10,6800,0
16818,320,25.25,5.50,6800,0
16820,321,25.25,5.40,6800,0
16823,322,25.25,5.50,6800,0
16825,322,25.25,5.60,6800,0
16828,323,25.25,5.70,6800,0
16830,324,25.25,5.60,6800,0
16836,326,25.25,5.40,6814,0
16837,326,25.25,5.40,6814,0
16839,327,25.25,5.60,6957,0
16840,327,25.25,5.40,6957,0
16843,328,25.25,5.50,6957,0
16845,329,25.25,5.60,6957,0
16848,330,25.25,5.40,6957,0
16851,331,25.25,5.40,6957,-1
16856,333,25.25,5.80,7157,-1
16857,333,25.25,5.60,7157,-1
16859,334,25.25,5.50,7157,-1
16861,334,25.25,5.50,7157,-1
16864,335,25.25,5.60,7157,-1
16866,336,25.25,5.30,7157,-1
16869,337,25.25,5.20,7157,-1
16871,338,25.25,5.30,7328,-1
16874,339,25.25,5.00,7328,-1
16877,339,25.25,5.30,7328,-1
16879,340,25.25,5.50,7328,-1
16882,341,25.25,5.30,7328,-1
16884,342,25.25,5.10,7328,-1
16887,343,25.25,5.50,7328,-1
16890,344,25.22,5.20,7414,-1
16892,345,25.25,5.00,7414,-1
16895,346,25.25,5.40,7414,-1
16897,346,25.25,5.30,7414,-1
16900,347,25.25,5.40,7414,-1
16903,348,25.25,5.50,7414,-1
16905,349,25.25,5.60,7414,-1
16908,350,25.25,5.50,7414,-1
16910,351,25.25,5.50,7542,-1
16916,353,25.25,6.00,7542,-1
16917,353,25.25,5.80,7628,-1
16919,354,25.25,5.40,7628,-1
16921,354,25.25,5.60,7628,-1
16923,355,25.25,5.90,7628,-1
16926,356,25.25,6.20,7628,-1
16929,357,25.25,6.30,7628,-1
16931,358,25.25,5.70,7628,-1
16934,359,25.25,6.20,7628,-1
16936,359,25.25,6.30,7800,-1
16939,360,25.25,6.50,7800,-1
16942,361,25.25,6.30,7800,-1
16944,362,25.25,6.00,7800,-1
16947,363,25.25,5.80,7800,-1
16949,364,25.25,6.30,7800,-1
16952,365,25.25,6.50,7800,-1
16955,366,25.25,6.20,7800,-1
16957,366,25.25,5.80,7800,-1
16960,367,25.25,5.90,7800,-1
16962,368,25.25,6.20,7800,-1
16965,369,25.25,6.40,7800,-1
16968,370,25.25,6.50,7800,-1
16970,371,25.25,6.40,7800,-1
16976,373,25.25,6.70,7928,-1
16977,373,25.25,6.70,7928,-1
16979,374,25.25,6.50,7928,-1
16981,374,25.25,6.30,7928,-1
16983,375,25.25,5.90,8157,-1
16986,376,25.25,5.50,8157,-1
16989,377,25.25,5.70,8157,-1
16991,378,25.25,6.00,8157,0
16994,379,25.25,6.20,8157,0
16996,379,25.25,6.80,8157,0
16999,380,25.25,7.00,8157,0
17001,381,25.25,7.10,8157,0
17004,382,25.25,7.50,8157,0
17006,383,25.25,7.30,8157,0
17009,384,25.25,6.90,8157,0
17011,384,25.25,6.30,8157,0
17014,385,25.25,5.90,8157,0
17016,386,25.25,5.30,8157,0
17019,387,25.25,5.50,8285,0
17021,388,25.25,5.60,8285,0
17024,389,25.25,5.80,8285,0
17026,389,25.25,5.80,8285,0
17029,390,25.24,6.40,8285,0
17031,391,25.25,6.70,8285,0
17034,392,25.25,7.20,8285,0
17037,393,25.25,7.40,8385,0
17039,394,25.25,7.70,8385,0
17041,394,25.25,8.00,8385,0
17044,395,25.25,8.30,8385,0
17046,396,25.25,8.40,8385,0
17049,397,25.25,8.60,8385,0
17052,398,25.24,8.90,8385,0
17054,399,25.24,8.90,8385,0
17057,400,25.25,9.10,8414,0
17059,400,25.25,9.10,8414,0
17062,401,25.24,9.50,8414,-2
17064,402,25.24,9.60,8414,-2
17067,403,25.25,9.80,8414,-2
17069,404,25.25,9.80,8414,-2
17072,405,25.24,10.10,8414,-1
17075,406,25.25,10.20,8742,-1
17077,406,25.24,10.30,8742,-1
17080,407,25.24,10.20,8742,-1
17083,408,25.24,10.20,8742,-1
17086,409,25.24,9.70,8742,-2
17088,410,25.24,8.80,8742,-2
17091,411,25.24,8.50,8814,-2
17094,412,25.25,8.00,8814,-2
17096,413,25.24,7.50,8814,-2
17098,413,25.24,7.00,8814,-2
17101,414,25.24,7.20,8814,-2
17104,415,25.24,7.90,8814,-2
17106,416,25.24,8.30,9014,-1
17109,417,25.24,8.50,9014,-1
17112,418,25.24,8.60,9014,-1
17114,419,25.23,8.40,9014,-1
17117,420,25.24,7.80,9014,-1
17119,420,25.24,7.10,9014,0
17122,421,25.24,7.00,9014,0
17124,422,25.23,7.20,9028,0
17127,423,25.24,7.80,9028,0
17129,424,25.24,8.30,9028,0
17132,425,25.24,8.40,9028,0
17134,425,25.24,8.10,9028,0
17137,426,25.24,7.40,9028,0
17139,427,25.24,7.10,9028,0
17142,428,25.24,7.60,9114,-1
17145,429,25.24,7.70,9114,-1
17147,430,25.24,8.30,9114,-1
17150,431,25.24,8.20,9114,-1
17152,431,25.24,7.50,9114,-1
17155,432,25.24,7.40,9114,0
17158,433,25.24,7.50,9114,0
17160,434,25.24,8.10,9114,0
17163,435,25.24,8.30,9328,0
17165,436,25.24,7.80,9328,0
17168,437,25.24,7.80,9328,0
17170,437,25.24,8.30,9328,0
17173,438,25.24,8.20,9328,0
17175,439,25.24,7.90,9157,0
17178,440,25.24,7.50,9157,0
17180,441,25.24,7.80,9157,0
17183,442,25.23,8.40,9157,0
17185,442,25.24,8.30,9157,0
17188,443,25.23,7.60,9157,0
17190,444,25.24,8.20,9457,0
17193,445,25.24,7.40,9457,0
17195,446,25.24,7.60,9457,0
17198,447,25.23,8.20,9457,0
17200,447,25.24,7.80,9457,0
17203,448,25.24,7.50,9457,0
17205,449,25.24,7.90,9500,0
17208,450,25.24,8.10,9500,0
17210,451,25.24,7.60,9500,0
17216,453,25.23,7.40,9742,0
17217,453,25.23,7.70,9742,0
17219,454,25.23,8.30,9742,0
17220,454,25.23,8.30,9757,0
17223,455,25.23,7.90,9757,0
17226,456,25.23,8.10,9757,0
17228,457,25.23,8.30,9757,0
17231,457,25.23,7.80,9757,0
17236,459,25.23,7.80,10114,0
17237,460,25.23,7.90,10114,0
17239,460,25.23,8.00,10114,0
17241,461,25.23,7.80,10114,0
17243,462,25.23,8.00,10114,0
17246,463,25.23,7.90,10114,0
17249,464,25.24,7.50,10114,-2
17251,464,25.23,8.20,10114,-2
17254,465,25.23,7.80,9842,-2
17257,466,25.23,8.20,9842,-2
17259,467,25.23,8.20,9842,-1
17262,468,25.23,8.00,9842,-1
17264,469,25.23,8.50,9842,-1
17267,470,25.23,7.90,9842,-1
17270,471,25.23,8.40,9842,-1
17272,471,25.23,8.40,9842,0
17275,472,25.23,8.40,10157,0
17277,473,25.23,8.00,10157,0
17280,474,25.23,8.50,10157,0
17283,475,25.23,8.70,10157,0
17285,476,25.23,8.30,10157,0
17288,477,25.23,8.50,10157,0
17290,477,25.23,8.30,10157,0
17298,480,25.22,8.70,10457,-1
17300,481,25.23,9.00,10457,-1
17302,481,25.22,8.50,10457,-1
17304,482,25.23,9.10,10457,-1
17306,483,25.22,9.00,10457,-1
17308,483,25.22,9.00,10457,-1
17310,484,25.23,8.80,10457,-1
17312,485,25.23,8.80,10457,-1
17315,486,25.23,9.60,10457,-1
17317,486,25.23,9.30,10557,-1
17320,487,25.23,9.50,10557,-1
17323,488,25.23,9.20,10557,-1
17325,489,25.23,9.30,10557,-1
17328,490,25.22,9.10,10557,-1
17331,491,25.22,9.70,10557,0
17334,492,25.22,9.60,10557,0
17336,493,25.23,9.10,10500,0
17339,493,25.22,9.40,10500,0
17341,494,25.22,9.10,10500,0
17344,495,25.22,9.10,10500,0
17346,496,25.22,8.90,10500,0
17349,497,25.22,9.10,10500,0
17352,498,25.22,8.90,10500,0
17354,499,25.22,8.70,10842,0
17357,500,25.23,8.90,10842,0
17359,500,25.22,9.00,10842,0
17362,501,25.22,9.20,10842,0
17365,502,25.22,8.90,10842,-1
17367,503,25.23,9.40,10842,-1
17370,504,25.22,9.20,10842,-1
17373,505,25.23,9.30,10857,-1
17375,506,25.23,9.30,10857,-1
17378,507,25.22,9.20,10857,-1
17381,508,25.22,9.40,10857,-1
17383,508,25.22,9.30,10857,-1
17386,509,25.22,9.60,10857,-1
17389,510,25.22,9.40,10714,-2
17391,511,25.22,9.40,10714,-2
17394,512,25.22,9.20,10714,-2
17397,513,25.22,9.00,10714,-2
17400,514,25.22,9.20,10714,-1
17402,515,25.22,8.70,10714,-1
17405,516,25.22,9.00,11242,-1
17408,517,25.22,8.80,11242,-1
17410,517,25.22,8.80,11242,-1
17416,519,25.22,8.90,11028,-1
17417,520,25.22,8.60,11028,-1
17419,520,25.22,8.90,11028,-1
17421,521,25.22,8.60,11028,-1
17424,522,25.22,9.10,11028,-1
17426,523,25.22,8.90,11028,-1
17429,524,25.22,8.90,11385,-1
17432,525,25.21,9.00,11385,-1
17435,526,25.22,9.20,11385,-1
17437,526,25.22,9.20,11385,-1
17440,527,25.22,8.90,11385,-1
17443,528,25.22,9.30,11385,-1
17445,529,25.21,9.20,11385,0
17448,530,25.22,9.40,11371,0
17450,531,25.22,9.20,11371,0
17456,533,25.22,9.90,11371,0
17457,533,25.22,9.60,11371,-1
17459,534,25.21,10.00,11671,-1
17461,534,25.21,9.70,11671,-1
17464,535,25.21,10.40,11671,-1
17467,536,25.21,10.30,11671,-1
17470,537,25.21,10.50,11671,-1
17472,538,25.21,10.30,11671,-1
17475,539,25.22,9.90,11671,-1
17478,540,25.21,10.10,11357,-1
17481,541,25.22,10.30,11357,-1
17483,542,25.22,10.30,11357,-1
17486,543,25.21,10.30,11357,-1
17489,544,25.22,10.20,11357,-1
17492,545,25.21,10.40,11357,-1
17494,545,25.21,10.60,11357,-1
17497,546,25.21,10.70,11771,-1
17500,547,25.21,10.90,11771,-1
17503,548,25.22,10.60,11771,-1
17506,549,25.22,10.50,11771,-1
17508,550,25.21,10.80,11771,-1
17511,551,25.21,10.90,11771,-1
17514,552,25.21,10.50,11771,-1
17517,553,25.21,10.50,11500,-2
17519,554,25.21,10.70,11500,-2
17522,555,25.21,10.80,11500,-2
17525,556,25.21,10.70,11500,-2
17528,557,25.21,10.80,11500,-1
17530,557,25.21,10.40,11500,-1
17534,559,25.20,10.90,11500,-1
17536,559,25.21,10.80,11814,-1
17539,560,25.21,10.80,11814,-1
17542,561,25.21,10.70,11814,-1
17544,562,25.21,10.60,11814,-1
17547,563,25.21,10.80,11814,-1
17550,564,25.21,11.20,11814,-2
17553,565,25.21,10.90,12100,-2
17555,566,25.21,11.10,12100,-2
17558,567,25.21,11.10,12100,-2
17561,568,25.21,10.90,12100,-2
17564,569,25.21,10.90,12100,-1
17567,570,25.21,10.80,12100,-1
17569,570,25.21,10.90,12185,-1
17572,571,25.21,10.80,12185,-1
17575,572,25.21,11.20,12185,-1
17578,573,25.21,11.10,12185,-1
17580,574,25.20,10.70,12185,-1
17583,575,25.19,10.90,12185,-1
17586,576,25.20,11.00,12071,-2
17589,577,25.21,11.10,12071,-2
17592,578,25.21,11.10,12071,-2
17594,579,25.21,11.40,12071,-2
17597,580,25.20,13.00,12071,-2
17600,581,25.20,12.80,12071,-2
17603,582,25.21,12.70,12071,-2
17605,582,25.21,12.60,12685,-2
17608,583,25.21,12.20,12685,-2
17611,584,25.21,12.30,12685,-2
17614,585,25.21,12.40,12685,-2
17617,586,25.21,12.30,12685,-2
17619,587,25.21,12.30,12685,-2
17622,588,25.21,11.90,12671,-2
17625,589,25.20,11.90,12671,-2
17628,590,25.21,11.70,12671,-2
17630,591,25.21,11.40,12671,-2
17634,592,25.21,11.60,12671,-1
17636,593,25.21,11.50,12671,-1
17639,594,25.21,11.10,12671,-1
17642,595,25.21,10.90,12557,-1
17644,595,25.21,11.10,12557,-1
17647,596,25.21,10.70,12557,-1
17650,597,25.21,10.80,12557,-1
17653,598,25.21,10.70,12557,-1
17656,599,25.21,10.70,12557,-1
17658,600,25.21,10.20,13100,-1
17661,601,25.21,10.50,13100,-1
17664,602,25.21,10.60,13100,-1
17667,603,25.21,10.40,13100,-1
17669,604,25.21,10.40,13100,-2
17672,605,25.20,10.60,13100,-2
17675,606,25.22,10.60,13100,-2
17678,607,25.21,11.00,12942,-2
17681,608,25.21,10.90,12942,-2
17683,608,25.21,10.90,12942,-2
17686,609,25.21,10.70,12942,-2
17689,610,25.21,10.80,12942,-2
17692,611,25.21,10.90,13100,-2
17694,612,25.21,11.10,13100,-2
17697,613,25.21,10.70,13100,-2
17700,614,25.21,10.80,13100,-2
17703,615,25.21,10.50,13100,-2
17705,616,25.21,10.80,13100,-2
17708,617,25.20,11.10,13100,-2
17711,618,25.21,11.00,13057,-2
17714,619,25.21,11.00,13057,-3
17717,620,25.21,11.10,13057,-3
17719,620,25.21,10.90,13057,-3
17722,621,25.21,10.80,13057,-3
17725,622,25.21,10.70,13057,-3
17728,623,25.21,10.90,13057,-3
17730,624,25.20,11.00,13342,-3
17736,626,25.21,11.20,13657,-3
17737,626,25.21,11.20,13657,-3
17739,627,25.21,11.00,13657,-3
17742,628,25.20,11.20,13657,-3
17744,629,25.21,11.00,13657,-3
17747,630,25.20,11.00,13657,-3
17750,631,25.20,11.50,13400,-4
17753,632,25.20,11.70,13400,-4
17755,632,25.20,11.60,13400,-4
17758,633,25.20,11.40,13400,-4
17761,634,25.20,11.40,13400,-5
17764,635,25.21,11.20,13400,-5
17767,636,25.20,10.80,13528,-5
17769,637,25.21,10.90,13528,-5
17772,638,25.20,11.10,13528,-5
17775,639,25.20,10.50,13528,-5
17778,640,25.21,10.60,13528,-5
17780,641,25.21,10.90,13528,-5
17783,642,25.20,10.70,14000,-5
17786,643,25.20,10.80,14000,-7
17789,644,25.21,10.60,14000,-7
17792,644,25.20,10.70,14000,-7
17794,645,25.21,10.50,14000,-7
17797,646,25.20,10.80,14000,-8
17800,647,25.19,10.60,14085,-8
17803,648,25.20,11.10,14085,-8
17805,649,25.20,10.80,14085,-8
17808,650,25.20,10.70,14085,-8
17811,651,25.20,10.60,14085,-8
17814,652,25.19,10.50,14085,-8
17817,653,25.20,10.70,14085,-8
17819,654,25.20,10.80,14357,-10
17822,655,25.20,10.80,14357,-10
17825,656,25.20,11.60,14357,-10
17828,657,25.19,11.20,14357,-10
17831,658,25.20,11.60,14357,-11
17834,659,25.20,11.60,14357,-11
17837,659,25.20,11.80,14357,-11
17839,660,25.20,11.80,14671,-11
17842,661,25.19,11.60,14671,-11
17845,662,25.20,11.70,14671,-11
17848,663,25.20,11.60,14671,-11
17851,664,25.20,11.60,14671,-11
17854,665,25.19,11.50,14671,-10
17857,666,25.19,11.60,14257,-10
17859,667,25.20,11.70,14257,-10
17862,668,25.20,11.70,14257,-10
17865,669,25.20,11.50,14257,-8
17868,670,25.20,11.80,14257,-8
17871,671,25.20,12.10,14257,-8
17874,672,25.20,11.70,14257,-8
17876,673,25.20,12.20,14514,-8
17879,674,25.20,11.90,14514,-8
17882,675,25.20,11.80,14514,-8
17885,676,25.20,11.60,14514,-8
17887,676,25.20,12.00,14514,-8
17890,677,25.20,11.50,14371,-7
17896,679,25.20,12.20,14700,-7
17897,680,25.17,11.80,14700,-7
17899,680,25.18,12.10,14700,-7
17901,681,25.18,12.00,14700,-6
17904,682,25.20,11.90,14700,-6
17907,683,25.19,11.90,14700,-6
17910,684,25.19,12.50,14671,-6
17912,685,25.20,12.40,14671,-4
17915,686,25.19,12.00,14671,-4
17918,687,25.20,12.00,14671,-4
17921,688,25.20,11.60,14671,-4
17924,689,25.18,12.30,14671,-3
17926,689,25.19,12.10,14671,-3
17929,690,25.19,11.90,15000,-3
17932,691,25.20,12.00,15000,-3
17935,692,25.19,12.50,15000,-3
17937,693,25.18,12.50,15000,-4
17940,694,25.19,12.70,15000,-4
17943,695,25.19,12.50,15000,-4
17946,696,25.19,12.90,15514,-4
17949,697,25.16,12.20,15514,-4
17951,698,25.18,12.70,15514,-4
17954,699,25.19,12.80,15514,-4
17957,700,25.19,12.60,15514,-4
17960,701,25.19,12.70,15514,-3
17962,701,25.19,12.70,15242,-3
17965,702,25.20,12.50,15242,-3
17968,703,25.19,12.10,15242,-3
17971,704,25.20,12.60,15242,-3
17974,705,25.20,12.50,15242,-3
17976,706,25.19,12.40,15242,-3
17979,707,25.19,12.50,15242,-3
17982,708,25.20,12.30,15114,-3
17985,709,25.19,12.50,15114,-3
17987,710,25.19,12.20,15114,-3
17990,711,25.19,12.70,15114,-3
17996,713,25.19,13.00,15385,-3
17997,713,25.19,13.50,15385,-3
17999,714,25.19,13.30,15385,-3
18001,714,25.19,12.80,15385,-3
18004,715,25.19,13.50,15714,-3
18007,716,25.19,13.30,15714,-3
18010,717,25.19,13.10,15714,-3
18012,718,25.19,13.20,15714,-3
18015,719,25.19,13.70,15714,-3
18018,720,25.19,13.70,15714,-2
18021,721,25.19,13.30,15714,-2
18023,721,25.19,13.40,15385,-2
18026,722,25.18,13.30,15385,-2
18029,723,25.19,13.20,15385,-2
18032,724,25.18,12.70,15385,-2
18035,725,25.19,12.90,15385,-2
18037,726,25.20,12.70,15385,-2
18040,727,25.19,12.70,15485,-2
18043,728,25.19,13.10,15485,-2
18046,729,25.19,12.90,15485,-2
18048,730,25.18,12.10,15485,-2
18051,731,25.20,13.20,15485,-2
18054,732,25.18,12.50,15485,-2
18057,733,25.20,13.50,15485,-2
18060,734,25.19,13.50,15742,-2
18062,734,25.19,12.70,15742,-2
18065,735,25.19,13.60,15742,-2
18068,736,25.18,13.90,15742,-2
18071,737,25.19,13.10,15742,-2
18074,738,25.20,13.80,15742,-2
18076,739,25.19,13.60,15957,-2
18079,740,25.20,12.70,15957,-2
18082,741,25.20,14.00,15957,-2
18085,742,25.18,13.30,15957,-2
18087,743,25.20,13.10,15957,-2
18090,744,25.19,13.50,15957,-2
18096,746,25.19,14.10,16171,-2
18097,746,25.18,13.90,16042,-2
18099,747,25.19,13.10,16042,-2
18101,747,25.19,12.70,16042,-2
18104,748,25.19,13.00,16042,-2
18107,749,25.19,13.70,16042,-2
18110,750,25.19,14.10,16042,-2
18112,751,25.19,13.00,16042,-2
18115,752,25.19,13.80,16042,-2
18118,753,25.18,14.20,16414,-2
18121,754,25.18,14.50,16414,-2
18124,755,25.18,13.90,16414,-2
18126,756,25.19,12.80,16414,-2
18129,757,25.19,13.70,16414,-2
18132,758,25.19,14.60,16414,-2
18135,759,25.20,14.20,16128,-2
18137,759,25.19,12.90,16128,-2
18140,760,25.18,12.80,16128,-2
18143,761,25.19,13.20,16128,-2
18146,762,25.18,14.00,16128,-3
18148,763,25.18,14.50,16128,-3
18151,764,25.18,14.00,16128,-3
18154,765,25.19,12.70,16700,-3
18157,766,25.18,13.10,16700,-3
18160,767,25.18,13.90,16700,-3
18162,768,25.20,14.90,16700,-3
18165,769,25.19,15.10,16700,-3
18168,770,25.19,14.80,16700,-3
18171,771,25.19,13.50,16700,-2
18174,772,25.17,12.80,16514,-2
18176,772,25.18,12.60,16514,-2
18179,773,25.19,13.60,16514,-2
18182,774,25.18,14.90,16514,-2
18185,775,25.19,15.50,16514,-2
18187,776,25.19,15.20,16514,-2
18190,777,25.19,14.70,16871,-2
18196,779,25.16,15.90,16728,-2
18197,779,25.16,16.00,16728,-2
18199,780,25.17,16.30,16728,-2
18201,781,25.18,16.40,16728,-2
18204,782,25.19,15.80,16728,-2
18207,783,25.18,15.00,16728,-2
18210,784,25.19,13.60,16728,-2
18212,784,25.18,12.40,17100,-2
18215,785,25.18,11.30,17100,-2
18218,786,25.18,10.60,17100,-1
18221,787,25.18,10.20,17100,-1
18223,788,25.20,9.60,17100,-1
18226,789,25.18,8.70,17100,-1
18229,790,25.19,8.40,17100,-1
18232,791,25.18,8.70,16928,-1
18234,792,25.18,8.90,16928,-1
18237,793,25.18,8.70,16928,-1
18240,794,25.19,8.60,16928,-1
18242,794,25.19,8.60,16928,-1
18245,795,25.19,9.20,16928,-1
18248,796,25.18,9.30,16928,-1
18251,797,25.18,9.90,17142,-1
18256,799,25.18,7.40,17142,-1
18257,799,25.18,7.10,17142,-1
18259,800,25.18,6.70,17142,-1
18261,801,25.19,6.50,17142,-1
18264,802,25.18,6.10,17142,-1
18267,802,25.18,5.70,17142,-1
18269,803,25.18,5.20,17142,-1
18272,804,25.19,5.00,17142,-1
18275,805,25.19,4.80,17142,-2
18277,806,25.17,5.70,17100,-2
18280,807,25.17,6.10,17100,-2
18283,808,25.18,6.90,17100,-2
18285,809,25.18,8.00,17100,-1
18288,810,25.18,9.60,17100,-1
18291,811,25.18,11.70,17100,-1
18294,812,25.18,13.10,17100,-1
18296,812,25.17,13.90,17414,-1
18299,813,25.18,13.20,17414,0
18302,814,25.18,12.40,17414,0
18304,815,25.18,12.00,17414,0
18307,816,25.18,11.30,17414,0
18310,817,25.18,11.00,17414,-1
18313,818,25.17,12.00,17414,-1
18315,819,25.18,13.20,17414,-1
18318,820,25.17,14.80,17414,-1
18321,821,25.18,15.00,17414,-1
18324,822,25.18,13.60,17414,-1
18327,822,25.18,12.80,17414,-1
18329,823,25.18,12.90,17814,-1
18332,824,25.18,14.30,17814,-2
18335,825,25.17,15.90,17814,-2
18338,826,25.18,15.40,17814,-2
18340,827,25.17,14.00,17814,-2
18343,828,25.16,13.70,17814,-2
18346,829,25.20,14.00,17814,-1
18349,830,25.18,15.00,17628,-1
18352,831,25.17,15.70,17628,-1
18354,832,25.18,14.90,17628,-1
18357,833,25.18,13.60,17628,0
18360,834,25.18,13.80,17628,0
18362,834,25.18,15.30,17628,0
18365,835,25.18,15.30,18228,0
18368,836,25.18,14.30,18228,0
18371,837,25.18,13.90,18228,0
18374,838,25.20,14.30,18228,0
18376,839,25.18,15.30,18228,0
18379,840,25.17,14.50,18228,0
18381,841,25.19,13.30,18228,0
18384,842,25.18,14.40,18185,0
18387,843,25.17,15.40,18185,0
18389,843,25.17,17.50,18185,0
18392,844,25.17,17.00,18185,-1
18395,845,25.18,16.90,18185,-1
18398,846,25.18,17.60,18185,-1
18400,847,25.19,16.90,18185,-1
18403,848,25.18,16.00,18185,-2
18406,849,25.17,17.10,18185,-2
18409,850,25.17,16.50,18185,-2
18412,851,25.18,15.80,18185,-2
18414,852,25.16,16.10,18185,-1
18417,853,25.16,16.80,18185,-1
18420,854,25.19,15.50,18957,-1
18423,855,25.17,16.00,18957,-1
18425,855,25.16,16.80,18957,-1
18428,856,25.17,15.80,18957,-2
18431,857,25.17,17.10,18957,-2
18434,858,25.17,16.30,18957,-2
18437,859,25.18,15.90,18957,-2
18439,860,25.18,16.40,18428,-2
18442,861,25.19,16.20,18428,-2
18445,862,25.18,16.20,18428,-2
18448,863,25.19,15.90,18428,-2
18451,864,25.17,15.60,18428,-1
18456,866,25.18,15.60,19128,-1
18457,866,25.18,15.90,19128,-1
18459,867,25.17,16.00,19128,-1
18462,868,25.18,15.50,19128,-1
18464,868,25.18,15.50,19128,-1
18467,869,25.18,15.70,19600,-1
18470,870,25.17,15.30,19600,-1
18473,871,25.17,15.20,19600,-1
18475,872,25.18,15.50,19600,-1
18478,873,25.18,14.80,19600,-1
18481,874,25.18,15.70,19600,-1
18484,875,25.18,15.60,19085,-1
18487,876,25.18,15.90,19085,-2
18489,877,25.19,15.80,19085,-2
18492,878,25.18,15.30,19085,-2
18495,879,25.17,16.00,19085,-2
18498,880,25.16,15.40,19085,-2
18500,880,25.17,15.70,19085,-2
18503,881,25.19,15.70,18185,-2
18506,882,25.18,16.10,18185,-2
18509,883,25.18,15.40,18185,-1
18512,884,25.18,15.80,18185,-1
18514,885,25.19,15.20,18185,-1
18517,886,25.19,16.50,19385,-1
18520,887,25.17,16.90,19385,-1
18523,888,25.17,16.70,19385,-1
18525,889,25.17,16.20,19385,-1
18528,890,25.18,17.00,19385,-1
18531,891,25.18,17.20,19385,-1
18534,892,25.17,16.40,19385,-1
18537,892,25.17,17.10,19385,-1
18539,893,25.17,16.90,18671,-1
18542,894,25.16,16.40,18671,-1
18545,895,25.17,17.50,18671,-1
18548,896,25.17,17.00,18671,-1
18550,897,25.16,17.20,18671,-1
18556,899,25.18,16.50,19885,-1
18557,899,25.18,16.00,19885,-1
18559,900,25.18,16.50,19885,-1
18562,901,25.18,15.90,19042,-1
18564,902,25.17,15.50,19042,-1
18567,903,25.16,16.20,19042,-1
18570,904,25.18,16.00,19042,-1
18573,905,25.17,15.70,19042,-1
18575,905,25.17,15.80,19471,-1
18578,906,25.18,16.50,19471,-1
18581,907,25.18,15.90,19471,-1
18584,908,25.18,15.70,19471,-1
18587,909,25.17,15.40,19471,-1
18589,910,25.16,15.90,19471,-2
18592,911,25.16,15.80,19171,-2
18595,912,25.17,15.40,19171,-2
18598,913,25.17,16.00,19171,-2
18600,914,25.19,15.00,19171,-2
18603,915,25.16,15.30,19171,-2
18606,916,25.16,16.10,19171,-2
18609,917,25.16,16.10,19171,-2
18611,917,25.18,16.00,18914,-2
18614,918,25.18,16.40,18914,-1
18617,919,25.16,16.30,18914,-1
18620,920,25.18,16.50,18914,-1
18623,921,25.16,16.20,18914,-1
18626,922,25.18,16.70,18914,-1
18628,923,25.18,16.90,18914,-1
18637,926,25.16,16.70,19471,-1
18639,927,25.16,16.60,19885,-1
18641,927,25.16,17.40,19885,-1
18643,928,25.16,16.90,19885,-1
18645,929,25.16,16.90,19885,-1
18647,929,25.17,17.40,19885,-1
18649,930,25.17,17.00,19885,-1
18651,931,25.17,16.90,19885,-1
18657,933,25.16,16.70,20357,-1
18659,933,25.16,17.50,20357,-1
18661,934,25.16,17.10,20357,-1
18663,935,25.16,16.60,20357,-1
18665,935,25.17,16.70,20357,-1
18667,936,25.18,16.50,20357,-1
18670,937,25.17,15.60,20357,-1
18673,938,25.16,15.60,20742,-1
18675,939,25.17,15.80,20742,-1
18678,940,25.16,15.80,20742,-1
18681,941,25.17,16.30,20742,-1
18684,942,25.16,16.70,20742,-2
18687,942,25.17,16.60,20742,-2
18689,943,25.17,16.50,20400,-2
18692,944,25.18,16.10,20400,-2
18695,945,25.17,16.10,20400,-2
18698,946,25.17,16.50,20400,-2
18700,947,25.18,16.40,20400,-2
18703,948,25.17,16.60,20400,-2
18706,949,25.16,18.30,20400,-2
18709,950,25.19,18.40,20542,-2
18711,951,25.15,18.70,20542,-2
18714,952,25.15,18.70,20542,-2
18717,953,25.17,18.50,20542,-2
18720,954,25.17,17.80,20542,-1
18723,955,25.17,18.10,20542,-1
18725,955,25.17,17.90,20642,-1
18728,956,25.17,17.70,20642,-1
18731,957,25.16,17.30,20642,-1
18734,958,25.16,17.50,20642,-1
18736,959,25.16,17.50,20642,-1
18739,960,25.17,17.80,20642,-1
18742,961,25.16,17.40,20742,-1
18745,962,25.16,17.90,20742,-1
18748,963,25.16,17.50,20742,-1
18750,964,25.16,17.90,20742,-1
18754,965,25.17,17.30,20742,-1
18756,966,25.18,17.10,20742,-1
18759,967,25.17,17.70,20742,-1
18761,967,25.16,17.50,20642,-1
18764,968,25.17,17.90,20642,-2
18767,969,25.16,17.30,20642,-2
18770,970,25.16,17.30,20642,-2
18773,971,25.16,17.00,20642,-2
18775,972,25.17,17.00,20642,-2
18778,973,25.18,16.70,20642,-2
18781,974,25.16,16.70,20942,-2
18784,975,25.16,16.20,20942,-2
18786,976,25.17,16.60,20942,-2
18789,977,25.16,16.70,20942,-2
18792,978,25.16,17.40,20942,-2
18795,979,25.16,17.80,21642,-2
18798,980,25.18,17.40,21642,-2
18801,980,25.18,17.40,21642,-2
18803,981,25.17,17.70,21642,-2
18806,982,25.16,17.40,21642,-2
18809,983,25.16,17.50,21642,-2
18812,984,25.17,17.80,21642,-1
18814,985,25.16,18.20,20642,-1
18817,986,25.16,17.90,20642,-1
18820,987,25.16,17.30,20642,-1
18823,988,25.18,17.00,20642,-2
18825,989,25.17,17.70,20642,-2
18828,990,25.16,17.10,20642,-2
18831,991,25.16,17.60,21428,-2
18834,992,25.17,17.20,21428,-2
18837,993,25.17,16.50,21428,-3
18839,993,25.17,17.20,21428,-3
18842,994,25.16,17.10,21428,-3
18845,995,25.17,17.50,21428,-3
18848,996,25.16,17.70,21000,-2
18850,997,25.17,17.80,21000,-2
18856,999,25.16,18.00,21428,-2
18857,999,25.17,18.00,21428,-2
18859,1000,25.18,18.20,21428,-1
18862,1001,25.18,17.80,21428,-1
18864,1002,25.16,17.80,21428,-1
18867,1003,25.17,17.50,22028,-1
18870,1004,25.16,18.00,22028,-1
18876,1006,25.17,18.10,22028,-1
18877,1006,25.16,18.60,22028,-1
18879,1007,25.16,18.60,22028,-1
18882,1008,25.16,19.10,21742,-1
18885,1008,25.17,19.00,21742,-1
18889,1010,25.16,18.90,21742,-1
18891,1011,25.15,18.40,21742,-1
18894,1012,25.17,18.00,21742,-2
18896,1012,25.16,18.10,22085,-2
18899,1013,25.16,18.50,22085,-2
18902,1014,25.16,18.00,22085,-2
18905,1015,25.16,17.70,22085,-2
18907,1016,25.18,16.90,22085,-2
18910,1017,25.17,16.80,22085,-2
18916,1019,25.18,16.20,21914,-2
18917,1019,25.18,16.50,21914,-2
18919,1020,25.16,16.50,21914,-2
18922,1021,25.17,17.00,21914,-2
18925,1022,25.16,17.20,21914,-2
18928,1023,25.18,16.60,21685,-2
18930,1024,25.16,16.70,21685,-2
18934,1025,25.16,16.70,21685,-2
18936,1026,25.16,17.00,21685,-2
18939,1027,25.16,16.70,21685,-2
18942,1028,25.16,17.20,21685,0
18945,1029,25.16,16.80,21685,0
18947,1029,25.17,17.10,23542,0
18950,1030,25.20,16.90,23542,0
18957,1033,25.14,17.00,23542,-2
18959,1033,25.17,16.50,22428,-2
18961,1034,25.17,16.80,22428,-2
18963,1035,25.16,17.50,22428,-2
18965,1035,25.17,17.30,22428,-2
18967,1036,25.17,17.10,22428,-2
18970,1037,25.17,17.00,22428,-2
18977,1039,25.16,16.20,22728,-1
18979,1040,25.18,16.50,22728,-1
18981,1041,25.17,17.00,22728,-1
18983,1041,25.16,16.80,22728,-1
18985,1042,25.16,16.50,22728,-1
18987,1043,25.17,16.40,22728,-2
18990,1044,25.19,16.60,22728,-2
18997,1046,25.16,16.80,22785,-2
18999,1047,25.16,16.10,22785,-2
19001,1047,25.16,16.30,22785,-2
19003,1048,25.16,17.10,22785,-2
19005,1049,25.16,17.10,22785,-2
19007,1049,25.18,16.70,22914,-2
19010,1050,25.16,17.30,22914,-2
19017,1053,25.18,17.40,22914,-2
19019,1053,25.16,17.10,22914,-2
19021,1054,25.19,16.90,22914,-2
19023,1055,25.16,17.50,22857,-2
19025,1055,25.17,17.70,22857,-2
19027,1056,25.16,17.40,22857,-2
19030,1057,25.17,18.00,22857,-2
19034,1058,25.17,18.00,22857,-1
19036,1059,25.16,17.90,22857,-1
19039,1060,25.16,17.40,22857,-1
19042,1061,25.16,17.80,22914,-1
19045,1062,25.18,17.80,22914,-2
19047,1063,25.16,17.80,22914,-2
19050,1064,25.17,17.70,22914,-2
19056,1066,25.17,18.00,23471,-2
19057,1066,25.17,18.40,23471,-2
19059,1067,25.16,18.00,23471,-2
19062,1068,25.16,18.30,23471,-2
19065,1069,25.18,17.60,23471,-2
19067,1069,25.16,17.40,23471,-2
19070,1070,25.17,17.20,23471,-1
19074,1072,25.17,17.60,23471,-1
19076,1072,25.17,17.60,22914,-1
19079,1073,25.16,17.80,22914,-1
19082,1074,25.16,17.20,22914,-1
19085,1075,25.16,17.50,22914,-1
19088,1076,25.17,17.50,22914,-1
19090,1077,25.17,17.10,22914,-1
19094,1078,25.16,17.10,23671,-1
19096,1079,25.16,17.70,23671,-1
19099,1080,25.16,18.10,23671,-1
19102,1081,25.16,17.90,23671,-1
19105,1082,25.16,17.70,23671,-1
19108,1083,25.17,18.00,23671,-1
19112,1084,25.16,18.10,22857,-1
19115,1085,25.17,18.40,22857,0
19116,1086,25.18,17.80,22857,0
19119,1087,25.16,18.50,22857,0
19122,1088,25.16,17.90,23285,0
19124,1088,25.16,18.50,23285,0
19127,1089,25.16,18.30,23285,0
19130,1090,25.16,17.70,23285,0
19133,1091,25.17,17.80,23285,0
19136,1092,25.16,18.30,23285,0
19138,1093,25.15,17.90,23742,-1
19141,1094,25.17,17.80,23742,-1
19144,1095,25.16,18.30,23742,-1
19147,1096,25.16,18.60,23742,-1
19150,1097,25.18,17.70,23742,0
19153,1098,25.16,18.00,23742,0
19155,1099,25.16,18.40,24200,0
19158,1100,25.16,17.50,24200,0
19161,1101,25.15,17.90,24200,0
19164,1102,25.18,17.90,24200,0
19166,1102,25.17,18.40,24200,0
19169,1103,25.16,17.70,24200,0
19172,1104,25.15,17.90,23028,0
19175,1105,25.19,18.30,23028,-1
19178,1106,25.17,17.50,23028,-1
19181,1107,25.17,18.10,23028,-1
19183,1108,25.16,17.50,23028,-1
19186,1109,25.18,18.10,23028,-1
19189,1110,25.16,17.30,23028,-1
19192,1111,25.16,18.40,23671,-1
19195,1112,25.16,17.70,23671,-1
19198,1113,25.16,17.90,23671,-1
19201,1114,25.17,18.40,23671,-1
19203,1115,25.16,17.40,23671,-1
19206,1116,25.13,18.40,23671,-1
19209,1117,25.21,17.90,23671,-1
19212,1118,25.13,18.60,23928,-1
19215,1119,25.17,18.10,23928,-1
19218,1120,25.16,18.80,23928,-1
19221,1121,25.16,17.60,23928,-1
19223,1121,25.15,18.70,23928,-1
19226,1122,25.16,17.80,24985,-1
19229,1123,25.17,18.40,24985,-1
19232,1124,25.18,18.20,24985,-2
19235,1125,25.16,18.50,24985,-2
19238,1126,25.17,18.20,24985,-2
19241,1127,25.17,18.20,24985,-2
19244,1128,25.15,18.30,24200,-1
19246,1129,25.17,17.70,24200,-1
19249,1130,25.16,17.20,24200,-1
19252,1131,25.16,18.50,24200,-1
19255,1132,25.16,17.80,24200,-1
19258,1133,25.16,18.80,24200,-1
19261,1134,25.14,18.20,24000,-1
19264,1135,25.17,18.10,24000,-1
19267,1136,25.13,18.30,24000,-1
19269,1137,25.17,18.60,24000,-1
19272,1138,25.17,19.10,24000,-1
19275,1139,25.16,18.50,24000,-1
19278,1140,25.16,19.10,24000,0
19281,1141,25.16,18.70,24485,0
19283,1141,25.19,17.90,24485,0
19286,1142,25.16,19.70,24485,0
19289,1143,25.17,18.50,24485,0
19292,1144,25.16,19.60,24485,-1
19295,1145,25.16,19.80,24485,-1
19298,1146,25.17,18.90,24485,-1
19300,1147,25.18,19.20,24000,-1
19303,1148,25.13,20.20,24000,-1
19306,1149,25.16,19.00,24000,-1
19309,1150,25.16,19.60,24000,-1
19312,1151,25.16,19.40,24000,-1
19315,1152,25.19,18.60,24628,-2
19318,1153,25.16,19.30,24628,-2
19320,1154,25.16,20.30,24628,-2
19323,1155,25.15,19.90,24628,-2
19326,1156,25.16,18.50,24628,-1
19329,1157,25.17,20.00,24628,-1
19332,1158,25.16,19.10,24628,-1
19335,1159,25.16,18.50,24842,-1
19338,1160,25.16,20.00,24842,-1
19340,1160,25.16,20.00,24842,-1
19343,1161,25.18,18.80,24842,-1
19346,1162,25.16,17.80,24842,-1
19349,1163,25.15,19.40,24842,-2
19352,1164,25.17,18.90,24771,-2
19355,1165,25.16,17.50,24771,-2
19358,1166,25.18,21.40,24771,-2
19361,1167,25.15,22.10,24771,-2
19363,1168,25.15,21.80,24771,-2
19366,1169,25.17,20.40,24771,-2
19369,1170,25.17,19.80,24771,-2
19372,1171,25.16,20.90,25357,-2
19375,1172,25.16,22.10,25357,-2
19378,1173,25.18,20.60,25357,-2
19381,1174,25.16,19.30,25357,-2
19384,1175,25.17,20.40,25357,-1
19386,1176,25.17,21.10,25357,-1
19389,1177,25.16,21.80,25357,-1
19392,1178,25.15,20.50,24628,-1
19395,1179,25.18,18.60,24628,-2
19398,1180,25.15,18.00,24628,-2
19401,1181,25.16,19.70,24628,-2
19404,1181,25.17,20.80,24628,-2
19406,1182,25.14,19.60,25357,-2
19409,1183,25.14,19.00,25357,-2
19412,1184,25.16,17.90,25357,-2
19415,1185,25.17,16.50,25357,-2
19418,1186,25.16,18.90,25357,-1
19421,1187,25.17,20.20,25357,-1
19424,1188,25.16,20.60,25128,-1
19426,1189,25.17,19.70,25128,-1
19429,1190,25.17,19.10,25128,-1
19432,1191,25.17,17.90,25128,-1
19435,1192,25.16,16.40,25128,-1
19438,1193,25.15,15.60,25128,-1
19441,1194,25.16,15.80,25357,-1
19444,1195,25.15,19.40,25357,-1
19446,1196,25.14,21.00,25357,-1
19449,1197,25.14,21.40,25357,-1
19452,1198,25.16,22.00,25357,-1
19455,1199,25.16,22.30,25357,-1
19458,1200,25.17,21.50,25728,-1
19463,1201,25.16,10.30,24342,-1
19465,1202,25.15,11.50,24342,-1
19467,1203,25.16,12.80,24342,-1
19469,1203,25.16,14.50,25500,-1
19472,1204,25.16,16.30,25500,-1
19475,1205,25.19,18.60,25500,-1
19478,1206,25.19,19.10,25500,-2
19481,1207,25.17,19.70,25500,-2
19484,1208,25.16,19.70,25500,-2
19487,1209,25.15,18.10,25500,-2
19490,1210,25.15,16.50,25971,-2
19492,1211,25.16,15.40,25971,-2
19495,1212,25.16,14.50,25971,-2
19498,1213,25.15,15.30,25971,-2
19501,1214,25.15,15.80,25971,-1
19504,1215,25.17,16.70,25971,-1
19507,1216,25.16,19.20,25971,-1
19509,1217,25.16,20.30,25500,-1
19512,1218,25.16,17.00,25500,-1
19515,1219,25.16,16.00,25500,-1
19518,1220,25.11,16.50,25500,-1
19521,1221,25.11,17.10,25500,-1
19524,1222,25.16,18.30,26528,-1
19527,1223,25.16,20.20,26528,-1
19530,1224,25.17,19.00,26528,-1
19532,1224,25.14,17.40,26528,-1
19535,1225,25.17,16.50,26528,-1
19538,1226,25.16,17.90,26528,-1
19541,1227,25.16,19.30,26442,-1
19544,1228,25.16,21.70,26442,-1
19547,1229,25.19,20.60,26442,-2
19550,1230,25.14,18.80,26442,-2
19552,1231,25.16,19.10,26442,-2
19555,1232,25.16,20.50,26442,-2
19558,1233,25.17,19.70,25885,-2
19561,1234,25.14,18.40,25885,-2
19564,1235,25.14,18.60,25885,-2
19567,1236,25.14,19.20,25885,-2
19570,1237,25.15,20.50,25885,-1
19573,1238,25.15,19.80,25885,-1
19575,1239,25.15,18.10,25885,-1
19578,1240,25.17,19.10,26614,-1
19581,1241,25.16,19.60,26614,-1
19584,1242,25.16,18.20,26614,-1
19587,1243,25.16,18.80,26614,-1
19590,1244,25.16,19.30,26614,-1
19593,1245,25.16,20.40,26614,-1
19596,1246,25.16,19.00,26614,-1
19598,1246,25.14,19.30,26442,-1
19601,1247,25.16,20.50,26442,-1
19604,1248,25.16,18.60,26442,-1
19607,1249,25.16,19.20,26442,-1
19610,1250,25.17,19.60,26442,-1
19613,1251,25.17,19.00,26442,-1
19615,1252,25.15,17.80,26857,-1
19618,1253,25.17,19.10,26857,-1
19621,1254,25.14,18.30,26857,-1
19624,1255,25.16,17.70,26857,-1
19627,1256,25.16,19.40,26857,-1
19630,1257,25.14,18.10,26857,-2
19633,1258,25.15,20.00,26371,-2
19636,1259,25.18,19.00,26371,-2
19638,1260,25.16,18.40,26371,-2
19641,1261,25.18,19.10,26371,-2
19646,1262,25.15,20.90,26942,-2
19648,1263,25.19,20.40,26942,-2
19650,1264,25.16,19.70,26942,-2
19657,1266,25.15,20.40,26942,-1
19659,1267,25.16,20.60,26942,-1
19661,1267,25.16,19.60,27028,-1
19663,1268,25.16,20.60,27028,-1
19665,1269,25.16,20.40,27028,-1
19667,1269,25.18,20.20,27028,-1
19675,1272,25.15,21.80,27028,-1
19677,1273,25.16,20.60,27914,-1
19679,1273,25.17,21.30,27914,-1
19681,1274,25.16,20.20,27914,-1
19683,1275,25.16,19.70,27914,-1
19685,1275,25.16,20.80,27914,-1
19687,1276,25.16,20.00,27914,-1
19690,1277,25.10,21.40,27914,-1
19697,1279,25.17,20.90,28657,-1
19699,1280,25.13,20.60,28657,-1
19701,1281,25.16,20.60,28657,-1
19703,1281,25.16,21.50,28657,-1
19705,1282,25.16,20.20,28657,-1
19707,1283,25.10,21.30,28657,-1
19710,1284,25.16,20.30,26857,-1
19717,1286,25.16,21.00,26857,-1
19719,1287,25.12,20.40,26857,-1
19721,1287,25.16,20.90,26857,-1
19723,1288,25.16,19.80,26857,-1
19725,1289,25.16,21.20,28000,-1
19727,1289,25.16,20.40,28000,-1
19730,1290,25.14,21.90,28000,-1
19737,1293,25.18,21.70,28000,-1
19739,1293,25.18,21.00,28000,-1
19743,1295,25.18,21.30,28471,-1
19745,1295,25.16,21.90,28471,0
19747,1296,25.16,20.90,28471,0
19749,1297,25.16,21.60,28471,0
19751,1297,25.16,20.70,28471,0
19757,1299,25.15,20.90,28857,0
19759,1300,25.15,20.00,28857,0
19761,1301,25.16,21.40,28857,0
19763,1301,25.16,20.10,28857,0
19765,1302,25.16,21.20,28857,0
19767,1303,25.17,20.00,28857,0
19769,1303,25.17,21.10,28857,0
19772,1304,25.17,20.10,28857,0
19775,1305,25.15,19.50,26528,0
19778,1306,25.16,19.90,26528,0
19781,1307,25.16,20.10,26528,0
19783,1308,25.16,20.30,26528,0
19786,1309,25.16,19.20,26528,0
19789,1310,25.17,18.90,26528,0
19792,1311,25.15,19.00,27642,0
19794,1312,25.16,19.50,27642,0
19797,1313,25.16,19.50,27642,0
19800,1314,25.16,18.90,27642,0
19803,1315,25.16,18.40,27642,0
19806,1315,25.15,18.30,27642,0
19808,1316,25.18,18.70,27642,0
19811,1317,25.17,19.20,28757,0
19814,1318,25.15,19.40,28757,0
19817,1319,25.16,19.30,28757,0
19819,1320,25.16,19.20,28757,0
19822,1321,25.18,19.60,28757,0
19825,1322,25.18,19.00,28757,0
19828,1323,25.16,19.40,28757,0
19830,1324,25.16,20.40,29042,0
19834,1325,25.16,20.60,29042,0
19836,1326,25.16,20.00,29042,0
19839,1327,25.14,19.80,29042,-1
19842,1328,25.11,19.00,29042,-1
19844,1328,25.16,19.20,29042,-1
19847,1329,25.16,19.80,28471,-1
19852,1331,25.16,20.80,28857,-1
19855,1332,25.16,20.20,28857,-1
19856,1332,25.17,20.20,28857,-1
19859,1333,25.16,20.00,28857,-1
19862,1334,25.16,20.50,28857,0
19864,1335,25.16,20.80,28857,0
19867,1336,25.17,20.40,28857,0
19870,1337,25.17,20.40,28857,0
19873,1338,25.15,20.80,28757,0
19876,1339,25.15,20.60,28757,-1
19878,1340,25.15,20.60,28757,-1
19881,1341,25.16,20.80,28757,-1
19884,1342,25.16,20.40,28757,-1
19887,1343,25.16,20.30,28757,0
19890,1344,25.15,20.50,28185,0
19893,1345,25.17,20.50,28185,0
19895,1345,25.19,20.20,28185,0
19898,1346,25.14,20.40,28185,0
19901,1347,25.14,20.00,28185,0
19904,1348,25.16,20.40,28185,0
19906,1349,25.16,20.30,29442,0
19909,1350,25.15,20.20,29442,0
19912,1351,25.16,19.80,29442,0
19915,1352,25.17,19.70,29442,0
19918,1353,25.14,19.20,29442,0
19920,1354,25.15,19.00,29442,0
19923,1355,25.15,19.20,29442,0
19926,1356,25.16,18.90,29342,0
19929,1357,25.17,19.10,29342,0
19932,1358,25.17,18.90,29342,0
19934,1358,25.16,18.50,29342,0
19937,1359,25.15,18.70,29342,0
19940,1360,25.14,18.80,29342,0
19943,1361,25.18,18.10,28957,0
19945,1362,25.13,18.10,28957,-1
19948,1363,25.13,18.80,28957,-1
19951,1364,25.15,18.70,28957,-1
19954,1365,25.15,18.30,28957,-1
19957,1366,25.15,18.80,28957,-1
19960,1367,25.16,18.50,28957,-1
19963,1368,25.15,18.80,29042,-1
19965,1369,25.16,19.70,29042,-1
19968,1370,25.18,19.00,29042,0
19971,1371,25.18,18.80,29042,0
19974,1372,25.17,18.40,29042,0
19977,1373,25.18,18.30,29042,0
19979,1373,25.17,17.90,29042,0
19982,1374,25.16,18.70,29042,0
19985,1375,25.15,18.80,29042,0
19988,1376,25.17,18.40,29042,0
19991,1377,25.14,18.30,29042,-1
19994,1378,25.14,18.70,29042,-1
19996,1379,25.17,18.80,29042,-1
19999,1380,25.14,19.50,28857,-1
20002,1381,25.15,19.10,28857,0
20005,1382,25.13,19.40,28857,0
20007,1382,25.14,20.20,28857,0
20010,1383,25.14,20.30,28857,0
20016,1385,25.17,21.00,28957,0
20017,1386,25.17,21.60,28957,0
20019,1386,25.18,21.50,28957,0
20021,1387,25.15,20.80,28957,0
20024,1388,25.14,21.10,28957,0
20027,1389,25.18,20.70,28957,0
20030,1390,25.15,20.40,28957,0
20032,1391,25.15,21.00,29957,0
20035,1392,25.17,20.40,29957,0
20038,1393,25.13,20.50,29957,0
20041,1394,25.13,21.10,29957,0
20044,1395,25.16,20.70,29957,0
20046,1395,25.14,20.40,29957,0
20049,1396,25.16,19.70,29957,0
20052,1397,25.16,19.90,30071,0
20055,1398,25.13,20.30,30071,0
20057,1399,25.14,19.90,30071,0
20060,1400,25.14,19.90,30071,0
20063,1401,25.12,19.60,30071,0
20066,1402,25.12,19.30,30071,0
20069,1403,25.16,19.00,30071,0
20071,1404,25.16,18.60,32100,0
20074,1405,25.12,18.10,32100,0
20077,1406,25.12,19.50,32100,0
20080,1407,25.13,19.30,32100,0
20082,1407,25.16,19.10,32100,0
20085,1408,25.12,19.40,32100,0
20088,1409,25.12,19.90,30500,0
20091,1410,25.13,19.50,30500,0
20094,1411,25.13,19.30,30500,0
20096,1412,25.17,19.00,30500,2
20099,1413,25.15,19.40,30500,2
20102,1414,25.16,19.00,30500,2
20105,1415,25.14,19.60,30071,2
20108,1416,25.13,20.10,30071,1
20110,1417,25.13,19.40,30071,1
20115,1418,25.13,19.80,31271,1
20116,1419,25.13,20.50,31271,1
20119,1420,25.14,20.40,31271,1
20121,1420,25.14,20.50,31271,1
20124,1421,25.13,21.10,31271,1
20127,1422,25.16,21.00,31271,1
20130,1423,25.12,20.60,30500,1
20133,1424,25.16,21.20,30500,0
20135,1425,25.16,21.90,30500,0
20138,1426,25.12,21.60,30500,0
20141,1427,25.15,22.10,30500,0
20144,1428,25.12,22.10,31042,0
20146,1429,25.08,22.70,31042,0
20149,1430,25.13,22.80,31042,0
20152,1431,25.15,23.20,31042,0
20155,1432,25.14,22.80,31042,0
20157,1432,25.16,22.10,31042,0
20160,1433,25.14,22.70,31042,0
20163,1434,25.13,22.60,29857,0
20166,1435,25.16,21.80,29857,1
20169,1436,25.16,22.00,29857,1
20171,1437,25.13,22.00,29857,1
20174,1438,25.16,21.60,29857,1
20177,1439,25.15,22.00,29857,1
20180,1440,25.15,21.90,33742,1
20182,1441,25.17,21.50,33742,1
20185,1442,25.17,22.10,33742,1
20190,1443,25.13,20.90,28471,1
20192,1444,25.16,20.80,28471,1
20195,1445,25.09,21.30,28471,1
20196,1445,25.12,21.20,28471,1
20199,1446,25.13,21.30,28471,1
20202,1447,25.13,21.80,28471,2
20205,1448,25.15,21.80,28471,2
20207,1449,25.16,21.60,29957,2
20210,1450,25.14,21.10,29957,2
20216,1452,25.16,21.10,29957,2
20217,1452,25.16,20.90,29957,2
20219,1453,25.15,20.60,29957,2
20221,1454,25.12,21.40,29957,2
20224,1455,25.15,20.90,31271,3
20227,1456,25.12,21.20,31271,3
20230,1457,25.13,21.10,31271,3
20233,1457,25.16,20.50,31271,3
20237,1459,25.13,21.10,30828,3
20239,1460,25.14,21.80,30828,3
20241,1460,25.14,21.60,30828,3
20244,1461,25.14,21.00,30828,3
20246,1462,25.14,20.90,30828,3
20249,1463,25.12,20.80,30828,2
20252,1464,25.14,20.90,30942,2
20255,1465,25.13,20.70,30942,2
20257,1466,25.14,21.40,30942,2
20260,1467,25.15,20.60,30942,2
20263,1468,25.14,20.90,30942,2
20266,1469,25.15,20.80,30942,2
20269,1470,25.15,20.70,30942,2
20271,1470,25.15,21.30,31157,2
20274,1471,25.12,21.40,31157,2
20277,1472,25.13,22.50,31157,2
20280,1473,25.15,22.70,31157,2
20283,1474,25.11,22.60,31157,3
20285,1475,25.12,22.80,31157,3
20288,1476,25.14,23.00,31157,3
20291,1477,25.14,23.10,31500,3
20294,1478,25.13,23.10,31500,3
20298,1479,25.15,22.00,31500,3
20300,1480,25.13,22.80,31742,3
20302,1481,25.13,23.30,31742,3
20305,1482,25.14,22.20,31742,3
20308,1483,25.10,22.30,31742,3
20310,1483,25.13,22.40,31742,3
20317,1486,25.11,21.80,31628,4
20319,1486,25.16,22.60,31628,4
20321,1487,25.15,22.70,31628,4
20323,1488,25.14,22.00,31628,4
20325,1488,25.13,23.30,31628,4
20327,1489,25.15,23.00,31628,4
20330,1490,25.13,22.80,31628,4
20332,1491,25.10,23.00,31042,4
20335,1492,25.11,23.30,31042,4
20338,1493,25.11,23.20,31042,4
20341,1494,25.13,23.30,31042,3
20344,1495,25.10,23.00,31042,3
20346,1495,25.10,23.00,31042,3
20349,1496,25.12,22.50,31042,3
20352,1497,25.12,23.60,32100,3
20355,1498,25.13,23.10,32100,3
20357,1499,25.15,22.40,32100,3
20360,1500,25.15,22.90,32100,3
20363,1501,25.13,22.30,32100,3
20366,1502,25.11,22.80,32100,3
20369,1503,25.12,22.80,32100,3
20371,1504,25.12,22.40,32100,3
20374,1505,25.14,22.00,32100,3
20377,1506,25.12,21.80,32100,3
20380,1507,25.13,22.70,32100,3
20382,1507,25.12,21.60,32100,3
20385,1508,25.12,22.20,32100,3
20388,1509,25.11,21.70,31857,2
20391,1510,25.11,22.20,31857,2
20394,1511,25.11,22.90,31857,2
20396,1512,25.11,21.80,31857,2
20399,1513,25.15,21.80,31857,1
20402,1514,25.13,23.10,31857,1
20405,1515,25.14,22.00,30942,1
20407,1516,25.14,22.70,30942,1
20410,1517,25.13,22.30,30942,0
20418,1519,25.13,23.80,31385,0
20422,1521,25.14,23.20,31385,0
20424,1521,25.12,23.40,31385,0
20426,1522,25.10,25.60,31385,0
20428,1523,25.16,26.40,32585,0
20430,1523,25.15,25.30,32585,0
20432,1524,25.11,26.00,32585,0
20435,1525,25.13,25.60,32585,0
20436,1525,25.13,24.80,32585,0
20438,1526,25.14,25.20,32585,0
20441,1527,25.14,25.50,32585,0
20444,1528,25.13,24.20,32585,0
20446,1529,25.12,24.70,32714,0
20449,1530,25.14,23.10,32714,0
20452,1531,25.11,24.10,32714,0
20455,1532,25.12,23.00,32714,0
20458,1533,25.13,24.40,32714,-1
20460,1533,25.13,24.30,32714,-1
20463,1534,25.14,23.10,32714,-1
20466,1535,25.13,23.80,32714,-1
20469,1536,25.14,23.10,32714,-1
20472,1537,25.14,23.10,32714,-1
20475,1538,25.12,22.50,32714,-1
20478,1539,25.14,22.50,32714,-1
20481,1540,25.14,22.30,32714,-1
20483,1541,25.14,21.60,31857,-1
20486,1542,25.14,23.40,31857,-1
20489,1543,25.16,23.90,31857,-1
20492,1544,25.13,22.40,31857,-2
20495,1545,25.16,22.60,31857,-2
20498,1546,25.16,22.20,31857,-2
20500,1547,25.16,20.90,33600,-2
20503,1548,25.14,22.40,33600,-2
20506,1549,25.14,22.20,33600,-1
20509,1550,25.15,20.90,33600,-1
20512,1551,25.16,22.80,33600,-1
20515,1552,25.14,21.30,33600,-1
20518,1553,25.15,21.10,34700,-1
20521,1553,25.14,22.00,34700,-1
20523,1554,25.05,21.30,34700,-1
20526,1555,25.05,20.60,34700,-1
20529,1556,25.16,20.70,34700,-2
20532,1557,25.14,22.20,34700,-2
20535,1558,25.12,21.60,34700,-2
20538,1559,25.15,20.00,33085,-2
20541,1560,25.15,20.90,33085,-1
20543,1561,25.07,22.10,33085,-1
20546,1562,25.12,20.50,33085,-1
20549,1563,25.12,19.90,33085,-1
20552,1564,25.14,19.50,33085,0
20555,1565,25.16,21.00,34000,0
20558,1566,25.16,21.50,34000,0
20560,1567,25.14,20.60,34000,0
20563,1568,25.16,19.90,34000,0
20566,1569,25.11,21.80,34000,0
20569,1570,25.11,21.80,33471,0
20571,1570,25.16,21.30,33471,0
20574,1571,25.14,20.00,33471,-1
20577,1572,25.16,19.90,33471,-1
20580,1573,25.15,20.20,33471,-1
20583,1574,25.11,22.30,33471,-1
20586,1575,25.15,23.10,33214,-1
20589,1576,25.14,22.40,33214,-1
20591,1577,25.17,21.00,33214,-1
20594,1578,25.16,20.30,33214,-1
20597,1579,25.16,19.00,33214,-1
20600,1580,25.13,22.70,33214,-1
20603,1581,25.15,23.70,33214,-1
20606,1582,25.12,24.50,32585,-1
20609,1583,25.15,24.90,32585,-1
20611,1584,25.15,24.40,32585,-1
20614,1585,25.16,23.00,32585,-1
20617,1586,25.08,22.60,32585,-1
20620,1587,25.16,20.70,32585,-1
20623,1588,25.12,19.40,32585,-1
20626,1589,25.16,18.60,33742,-1
20629,1590,25.16,19.00,33742,-1
20635,1592,25.16,30.20,33085,-1
20636,1592,25.16,29.70,34000,-1
20638,1593,25.16,29.70,34000,-1
20640,1593,25.14,29.60,34000,-1
20643,1594,25.13,29.60,34000,-1
20646,1595,25.14,29.30,34000,0
20649,1596,25.15,29.20,34000,0
20651,1597,25.13,29.40,34000,0
20654,1598,25.14,30.30,36471,0
20659,1600,25.06,31.90,36471,0
20661,1600,25.15,32.30,36471,0
20663,1601,25.11,33.40,36471,0
20665,1602,25.12,34.00,36471,0
20668,1603,25.17,34.20,34971,-1
20671,1604,25.16,33.80,34971,-1
20674,1605,25.14,31.50,34971,-1
20677,1606,25.17,30.00,34971,-1
20680,1607,25.16,29.00,34971,-2
20682,1607,25.15,26.40,34971,-2
20685,1608,25.12,24.40,34971,-2
20688,1609,25.14,23.60,34414,-2
20691,1610,25.11,24.10,34414,-2
20694,1611,25.15,25.60,34414,-2
20697,1612,25.13,26.30,34414,-2
20700,1613,25.15,26.50,34414,-2
20703,1614,25.21,26.50,34414,-1
20705,1615,25.16,24.70,33471,-1
20708,1616,25.14,23.20,33471,-1
20711,1617,25.12,22.10,33471,-1
20714,1618,25.15,23.50,33471,-1
20717,1619,25.20,24.30,33471,-1
20720,1620,25.16,23.90,33471,-1
20723,1621,25.17,22.40,33085,-1
20725,1622,25.15,21.70,33085,-1
20728,1623,25.15,20.50,33085,-1
20731,1624,25.13,21.40,33085,-1
20734,1625,25.16,22.40,33085,-1
20737,1626,25.21,22.40,33085,-2
20740,1627,25.14,20.90,33085,-2
20743,1628,25.13,20.30,34142,-2
20745,1628,25.14,21.00,34142,-2
20748,1629,25.14,21.70,34142,-2
20751,1630,25.16,22.50,34142,-1
20754,1631,25.09,20.60,34142,-1
20757,1632,25.13,20.00,34142,-1
20760,1633,25.16,21.40,35128,-1
20763,1634,25.18,21.70,35128,-1
20765,1635,25.16,20.00,35128,-1
20768,1636,25.16,19.80,35128,-1
20771,1637,25.16,20.50,35128,-1
20774,1638,25.14,20.80,35128,-2
20777,1639,25.12,19.40,34557,-2
20780,1640,25.15,19.40,34557,-2
20783,1641,25.15,20.30,34557,-2
20786,1642,25.14,19.30,34557,-2
20788,1643,25.08,18.80,34557,-2
20791,1644,25.14,19.80,34557,-2
20794,1645,25.14,20.00,34557,-2
20797,1646,25.16,19.20,34700,-2
20802,1647,25.06,20.90,34842,-2
20804,1648,25.12,20.00,34842,-2
20806,1649,25.13,21.10,34842,-2
20810,1650,25.15,19.80,35414,-3
20812,1651,25.13,20.40,35414,-3
20815,1652,25.14,21.10,35414,-3
20817,1652,25.15,20.40,35414,-3
20820,1653,25.14,19.40,35414,-1
20823,1654,25.15,19.90,35414,-1
20826,1655,25.15,19.40,35414,-1
20828,1656,25.16,19.10,35414,-1
20837,1659,25.14,18.60,34971,-1
20839,1660,25.15,18.50,34971,-1
20841,1660,25.12,17.60,34971,-1
20843,1661,25.15,18.60,35857,-2
20845,1662,25.15,18.40,35857,-2
20847,1662,25.14,17.60,35857,-2
20849,1663,25.13,18.70,35857,-2
20851,1664,25.14,18.10,35857,-2
20854,1665,25.15,17.60,35857,-2
20857,1666,25.15,18.50,35857,-2
20860,1667,25.15,18.40,35857,-2
20863,1668,25.14,18.20,36014,-2
20866,1669,25.17,17.80,36014,-1
20869,1670,25.16,18.30,36014,-1
20871,1670,25.14,17.50,36014,-1
20874,1671,25.15,18.70,36014,-1
20877,1672,25.07,17.90,36014,-2
20880,1673,25.13,18.90,36014,-2
20883,1674,25.13,19.10,36014,-2
20886,1675,25.15,18.50,36014,-2
20889,1676,25.16,18.80,36014,-1
20892,1677,25.15,19.20,36014,-1
20894,1678,25.15,18.30,36014,-1
20897,1679,25.15,18.70,36314,-1
20900,1680,25.14,18.60,36314,-1
20903,1681,25.16,18.80,36314,-1
20906,1682,25.16,18.40,36314,-1
20909,1683,25.16,18.90,36314,-1
20915,1685,25.15,17.20,35714,-2
20916,1685,25.13,17.40,35714,-2
20918,1686,25.15,18.00,35714,-2
20920,1687,25.15,17.40,35714,-2
20923,1688,25.13,17.70,35714,-2
20926,1689,25.14,20.70,35557,-2
20929,1690,25.13,21.00,35557,-2
20932,1691,25.13,20.60,35557,-2
20934,1691,25.16,20.10,35557,-2
20937,1692,25.14,20.60,35557,-1
20940,1693,25.15,20.20,35557,-1
20943,1694,25.15,20.40,35557,-1
20946,1695,25.13,20.00,35857,-1
20949,1696,25.14,20.30,35857,-1
20952,1697,25.14,20.70,35857,-1
20955,1698,25.15,20.20,35857,-1
20957,1699,25.16,19.40,35857,-1
20962,1701,25.16,21.10,34842,-1
20964,1701,25.14,21.80,34842,-1
20966,1702,25.15,20.90,34842,-1
20969,1703,25.12,21.30,34842,-1
20972,1704,25.13,21.60,36471,-2
20975,1705,25.14,21.40,36471,-2
20977,1706,25.15,21.40,36471,-2
20980,1707,25.15,20.50,36471,-2
20983,1708,25.13,20.80,36471,-2
20986,1709,25.13,20.70,36471,-2
20989,1710,25.07,20.50,36157,-2
20992,1711,25.05,19.90,36157,-2
20995,1712,25.15,19.50,36157,-2
20997,1712,25.13,20.10,36157,-2
21000,1713,25.16,19.40,36157,-2
21003,1714,25.14,19.70,36157,-2
21006,1715,25.11,19.80,36942,-2
21009,1716,25.14,19.60,36942,-2
21012,1717,25.15,19.30,36942,-2
21015,1718,25.15,19.10,36942,-2
21018,1719,25.14,19.40,36942,-1
21020,1720,25.14,20.00,36942,-1
21023,1721,25.13,19.70,36942,-1
21026,1722,25.15,19.30,36942,-1
21029,1723,25.13,19.80,36942,-2
21032,1724,25.16,19.80,36942,-2
21035,1725,25.13,19.70,36942,-2
21038,1726,25.16,19.70,36942,-2
21041,1727,25.14,19.40,37100,-3
21043,1728,25.14,18.80,37100,-3
21046,1729,25.15,19.50,37100,-3
21051,1730,25.15,19.10,37257,-3
21057,1732,25.16,19.30,37257,-2
21059,1733,25.14,18.70,37257,-2
21075,1738,25.15,18.50,38085,-2
21077,1739,25.16,18.90,38085,-1
21079,1740,25.14,18.70,38085,-1
21081,1740,25.14,18.70,38085,-1
21083,1741,25.15,19.10,37257,-1
21085,1742,25.15,19.10,37257,-1
21087,1742,25.14,19.10,37257,-1
21089,1743,25.13,18.90,37257,-1
21091,1744,25.13,19.10,37257,-1
21097,1746,25.13,21.50,37257,-1
21099,1746,25.13,21.40,39128,-1
21101,1747,25.15,21.60,39128,-1
21103,1748,25.13,21.70,39128,-1
21105,1748,25.10,21.30,39128,-1
21107,1749,25.14,20.80,39128,-1
21109,1750,25.14,21.30,39128,-1
21117,1752,25.13,23.60,36628,-1
21135,1758,25.14,21.60,37257,-1
21137,1759,25.15,21.10,37257,-1
21139,1760,25.13,21.30,37257,-1
21141,1760,25.16,22.10,37257,-1
21143,1761,25.16,22.00,37257,-1
21145,1762,25.13,21.70,37257,-1
21147,1762,25.12,21.60,39128,-1
21149,1763,25.15,21.50,39128,-1
21151,1764,25.13,21.30,39128,-1
21157,1766,25.14,21.10,39128,-1
21159,1766,25.16,21.50,39128,-1
21161,1767,25.15,21.30,39128,-1
21163,1768,25.12,21.00,38600,-1
21165,1768,25.14,20.60,38600,-1
21167,1769,25.14,20.20,38600,-1
21169,1770,25.14,20.50,38600,-1
21171,1770,25.15,20.70,38600,-1
21178,1773,25.15,23.00,38428,-1
21180,1773,25.12,22.80,38428,-1
21182,1774,25.14,22.60,38428,0
21184,1775,25.14,22.60,38428,0
21186,1775,25.15,22.50,38428,0
21188,1776,25.09,24.50,38428,0
21190,1777,25.12,24.10,38428,0
21193,1778,25.12,24.00,38428,-1
21196,1778,25.15,23.00,37914,-1
21198,1779,25.15,22.90,37914,-1
21201,1780,25.12,23.30,37914,-1
21204,1781,25.14,23.00,37914,-3
21207,1782,25.13,22.20,37914,-3
21210,1783,25.13,23.00,37914,-3
21213,1784,25.14,23.00,36942,-3
21216,1785,25.13,23.80,36942,-1
21218,1786,25.13,23.70,36942,-1
21221,1787,25.14,24.20,36942,-1
21228,1789,25.13,23.60,38600,-1
21230,1790,25.13,23.30,38600,-1
21232,1791,25.15,23.30,38600,-1
21235,1792,25.12,23.60,38600,-1
21236,1792,25.12,23.60,38600,-1
21239,1793,25.06,23.70,38600,-1
21241,1794,25.06,23.60,38600,-1
21246,1795,25.13,26.00,37757,-1
21248,1796,25.06,26.10,37757,-1
21250,1797,25.13,25.90,37757,-1
21257,1799,25.14,25.90,37757,-1
21259,1800,25.13,25.70,36471,-1
21261,1800,25.12,25.30,36471,-1
21263,1801,25.15,24.90,36471,-2
21265,1802,25.13,24.60,36471,-2
21267,1802,25.17,24.50,36471,-2
21270,1803,25.16,24.50,36471,-2
21277,1806,25.14,24.00,39128,-3
21279,1806,25.09,23.80,39128,-3
21281,1807,25.10,26.80,39128,-3
21283,1808,25.15,26.30,39128,-3
21285,1808,25.14,26.00,39128,-3
21287,1809,25.16,25.90,39128,-3
21290,1810,25.17,25.60,39128,-3
21297,1812,25.12,24.90,39128,-3
21299,1813,25.15,24.40,39128,-1
21301,1814,25.13,24.10,39128,-1
21303,1814,25.13,23.30,39128,-1
21305,1815,25.13,23.20,39314,-1
21307,1816,25.14,23.00,39314,-1
21310,1817,25.15,22.80,39314,-1
21317,1819,25.14,21.90,39314,-1
21319,1820,25.14,21.70,39314,-1
21321,1820,25.13,21.70,39314,0
21323,1821,25.14,22.10,39314,0
21325,1822,25.13,22.20,39314,0
21327,1822,25.12,21.80,39314,0
21330,1823,25.13,21.60,39314,0
21333,1824,25.10,21.40,39314,-1
21335,1825,25.14,20.90,39314,-1
21338,1826,25.13,21.00,39314,-1
21341,1827,25.14,21.00,36785,-1
21344,1828,25.14,20.90,36785,-2
21347,1829,25.14,20.50,36785,-2
21350,1830,25.15,20.60,36785,-2
21353,1831,25.13,20.60,36785,-2
21356,1832,25.13,20.70,39857,-1
21358,1833,25.13,20.60,39857,-1
21361,1834,25.14,20.70,39857,-1
21364,1835,25.12,20.10,39857,-1
21367,1836,25.13,20.00,39857,-1
21370,1837,25.14,19.80,39857,0
21373,1838,25.14,20.10,39857,0
21375,1838,25.14,20.20,39857,0
21378,1839,25.14,19.90,39857,0
21381,1840,25.14,20.20,39857,-1
21384,1841,25.14,20.00,39857,-1
21387,1842,25.13,20.10,39671,-1
21390,1843,25.14,20.40,39671,-1
21393,1844,25.13,20.10,39671,-1
21395,1845,25.14,20.10,39671,-1
21398,1846,25.14,20.20,39671,-1
21401,1847,25.13,20.40,39671,-1
21404,1848,25.13,20.30,39671,-1
21407,1849,25.13,20.30,39671,-1
21410,1850,25.14,20.50,39671,-1
21412,1851,25.15,20.30,39671,-1
21415,1852,25.13,20.20,39671,-3
21418,1853,25.15,20.00,39671,-3
21421,1854,25.15,20.20,39671,-3
21424,1855,25.14,19.80,39857,-3
21427,1856,25.14,19.90,39857,-4
21430,1857,25.13,19.90,39857,-4
21433,1857,25.14,19.90,39857,-4
21435,1858,25.14,19.90,39857,-4
21438,1859,25.14,19.80,39857,-3
21441,1860,25.14,19.40,40042,-3
21444,1861,25.14,19.80,40042,-3
21447,1862,25.14,19.40,40042,-3
21450,1863,25.14,19.20,40042,-1
21453,1864,25.13,19.60,40042,-1
21455,1865,25.14,19.60,40042,-1
21458,1866,25.14,19.60,40228,-1
21461,1867,25.14,19.60,40228,-1
21464,1868,25.15,19.70,40228,-1
21467,1869,25.15,20.00,40228,-1
21470,1870,25.13,19.60,40228,-1
21473,1871,25.15,19.30,40228,0
21475,1872,25.14,19.30,40228,0
21478,1873,25.13,19.30,40228,0
21481,1874,25.13,19.60,40228,0
21484,1875,25.15,20.00,40228,0
21487,1876,25.14,19.90,40228,-2
21489,1876,25.14,19.40,40228,-2
21492,1877,25.14,19.20,40228,-2
21495,1878,25.14,19.30,40228,-2
21498,1879,25.15,19.90,40228,-4
21501,1880,25.14,19.90,40228,-4
21504,1881,25.13,19.60,40228,-4
21507,1882,25.13,19.40,40228,-4
21510,1883,25.13,19.80,40228,-3
21512,1884,25.14,19.70,40614,-3
21515,1885,25.14,19.80,40614,-3
21518,1886,25.14,19.80,40614,-3
21521,1887,25.15,19.80,40614,-1
21524,1888,25.12,19.50,40614,-1
21527,1889,25.14,19.80,40614,-1
21529,1890,25.13,19.90,40428,-1
21532,1891,25.13,19.80,40428,-1
21535,1892,25.09,19.40,40428,-1
21538,1893,25.14,19.20,40428,-1
21541,1894,25.15,19.30,40428,-1
21544,1895,25.14,20.10,40428,0
21547,1896,25.13,20.00,41000,0
21549,1896,25.13,20.00,41000,0
21552,1897,25.13,20.30,41000,0
21555,1898,25.13,19.80,41000,-1
21558,1899,25.13,19.80,41000,-1
21561,1900,25.14,19.30,41000,-1
21564,1901,25.14,19.90,41000,-1
21566,1902,25.13,20.00,40228,-2
21569,1903,25.13,19.70,40228,-2
21572,1904,25.13,20.20,40228,-2
21575,1905,25.14,20.00,40228,-2
21578,1906,25.14,20.40,40228,-2
21581,1907,25.13,19.60,40228,-2
21584,1908,25.14,20.20,40228,-2
21586,1909,25.14,20.10,39128,-2
21589,1910,25.14,19.50,39128,-2
21592,1911,25.13,19.90,39128,-2
21595,1912,25.13,19.70,39128,-2
21598,1913,25.13,19.90,39128,-2
21601,1914,25.13,19.50,39128,-2
21604,1915,25.13,20.00,40814,-2
21606,1915,25.14,19.30,40814,-2
21609,1916,25.13,19.50,40814,-2
21612,1917,25.14,19.50,40814,-2
21615,1918,25.14,19.30,40814,-2
21618,1919,25.15,19.80,40814,-2
21621,1920,25.14,18.90,40614,-2
21624,1921,25.14,19.50,40614,-2
21627,1922,25.13,19.80,40614,-1
21629,1923,25.14,19.60,40614,-1
21632,1924,25.13,19.50,40614,-1
21635,1925,25.13,20.00,40614,-1
21638,1926,25.13,19.50,40614,-2
21641,1927,25.14,20.10,40614,-2
21644,1928,25.14,19.30,40614,-2
21647,1929,25.14,19.50,40614,-2
21650,1930,25.14,20.10,40614,-2
21652,1931,25.14,19.00,40614,-2
21655,1932,25.14,19.90,40614,-2
21658,1933,25.14,19.70,40228,-2
21661,1934,25.12,20.00,40228,0
21664,1935,25.14,19.80,40228,0
21666,1935,25.13,20.60,40228,0
21669,1936,25.13,20.20,40228,0
21672,1937,25.14,19.90,40228,0
21675,1938,25.14,20.80,40228,0
21678,1939,25.12,20.10,41600,0
21680,1940,25.13,20.60,41600,0
21683,1941,25.13,19.70,41600,0
21686,1942,25.16,20.80,41600,0
21689,1943,25.13,19.60,41600,0
21691,1944,25.13,19.80,41600,0
21694,1945,25.13,20.40,41400,-2
21697,1946,25.12,19.50,41400,-2
21700,1947,25.14,19.80,41400,-2
21703,1948,25.14,19.50,41400,-2
21706,1949,25.14,19.10,41400,0
21708,1949,25.13,20.70,41400,0
21711,1950,25.15,19.30,41200,0
21714,1951,25.15,19.50,41200,0
21717,1952,25.11,20.50,41200,0
21720,1953,25.13,20.30,41200,0
21722,1954,25.14,19.30,41200,0
21725,1955,25.13,20.50,41200,0
21728,1956,25.12,19.50,41200,0
21731,1957,25.14,20.40,40228,-3
21734,1958,25.14,20.80,40228,-3
21736,1959,25.14,20.20,40228,-3
21739,1960,25.13,19.80,40228,-3
21742,1961,25.13,20.60,40228,0
21745,1962,25.14,21.00,40228,0
21748,1963,25.13,19.70,43071,0
21750,1963,25.13,21.00,43071,0
21754,1965,25.14,21.20,43071,-1
21756,1965,25.14,20.10,43071,-1
21759,1966,25.13,20.30,43071,-1
21762,1967,25.14,20.70,43071,-1
21765,1968,25.13,21.20,43071,-1
21768,1969,25.13,19.80,41000,-1
21770,1970,25.14,20.00,41000,-1
21774,1971,25.12,21.40,41000,-1
21776,1972,25.13,20.90,41000,0
21779,1973,25.12,20.40,41000,0
21782,1974,25.13,21.20,41000,0
21785,1975,25.11,22.30,41000,0
21787,1976,25.12,22.70,42014,0
21790,1977,25.14,21.30,42014,0
21797,1979,25.12,22.10,42214,0
21799,1980,25.11,21.10,42214,0
21801,1980,25.10,20.90,42642,0
21803,1981,25.14,20.80,42642,0
21805,1982,25.13,21.30,42642,0
21807,1982,25.13,22.10,42642,0
21810,1983,25.13,23.00,42642,0
21812,1984,25.13,23.50,42642,0
21815,1985,25.16,23.20,42642,0
21818,1986,25.16,23.20,42642,0
21821,1987,25.12,22.80,42642,0
21824,1988,25.12,21.60,42642,0
21826,1989,25.13,20.50,42642,0
21829,1990,25.11,19.60,42642,0
21832,1991,25.12,19.30,42642,0
21835,1992,25.12,19.70,42642,0
21837,1992,25.14,20.00,42857,0
21840,1993,25.14,20.30,42857,0
21843,1994,25.12,21.50,42857,0
21846,1995,25.12,22.10,42857,0
21849,1996,25.13,23.30,42857,0
21851,1997,25.13,24.70,42857,0
21854,1998,25.11,26.20,42857,0
21857,1999,25.12,26.90,42857,0
21860,2000,25.11,28.50,42857,-1
21862,2001,25.11,29.20,42857,-1
21865,2002,25.11,29.60,42857,-1
21868,2003,25.12,30.10,42857,-1
21871,2004,25.12,30.10,42857,-2
21874,2005,25.12,30.60,42857,-2
21877,2006,25.12,31.10,43285,-2
21880,2007,25.14,31.40,43285,-2
21883,2007,25.08,31.60,43285,-1
21885,2008,25.11,31.70,43285,-1
21888,2009,25.10,31.60,43285,-1
21891,2010,25.11,31.50,43285,-1
21894,2011,25.08,31.40,44171,-2
21897,2012,25.14,31.40,44171,-2
21900,2013,25.13,31.80,44171,-2
21902,2014,25.15,31.80,44171,-2
21905,2015,25.16,31.00,44171,-1
21908,2016,25.15,30.30,44171,-1
21911,2017,25.16,30.00,44171,-1
21914,2018,25.15,28.60,42014,-1
21917,2019,25.15,27.40,42014,-2
21920,2020,25.15,25.70,42014,-2
21923,2021,25.14,24.60,42014,-2
21925,2022,25.13,22.40,42014,-2
21928,2023,25.14,20.80,40042,-2
21931,2024,25.13,19.90,40042,-2
21934,2025,25.13,19.70,40042,-2
21937,2026,25.13,19.10,40042,-2
21940,2027,25.13,17.90,40042,-3
21943,2028,25.13,16.90,40042,-3
21945,2028,25.13,15.60,40042,-3
21948,2029,25.13,14.50,42857,-3
21951,2030,25.11,13.60,42857,-1
21954,2031,25.14,13.00,42857,-1
21957,2032,25.13,12.70,42857,-1
21960,2033,25.11,12.20,42857,-1
21963,2034,25.14,11.90,42857,-1
21965,2035,25.14,12.00,42857,-1
21968,2036,25.14,12.40,42857,-1
21971,2037,25.14,12.90,42857,-1
21974,2038,25.15,13.90,42857,-1
21977,2039,25.14,14.50,42857,-2
21980,2040,25.14,14.90,42857,-2
21983,2041,25.14,16.50,42857,-2
21986,2042,25.15,17.20,41000,-2
21989,2043,25.16,18.00,41000,-2
21991,2044,25.15,18.50,41000,-2
21994,2045,25.14,19.70,41000,-2
21997,2046,25.14,19.60,41000,-2
22000,2046,25.16,19.60,41000,-2
22003,2046,25.14,19.50,43285,-2
22005,2046,25.15,18.80,43285,-2
22008,2046,25.14,18.50,43285,-2
22011,2046,25.13,17.50,43285,-2
22014,2046,25.14,16.60,43285,-2
22017,2046,25.15,16.00,43285,-2
22020,2046,25.15,14.80,42642,-2
22023,2046,25.14,14.20,42642,-2
22026,2046,25.14,14.00,42642,-2
22028,2046,25.15,13.30,42642,-2
22031,2046,25.15,12.90,42642,-2
22034,2046,25.15,12.80,42642,-2
22037,2046,25.15,13.10,42642,-2
22040,2046,25.12,13.60,42428,-2
22043,2046,25.14,14.40,42428,-2
22046,2046,25.15,15.20,42428,-2
22048,2046,25.15,15.60,42428,-2
22051,2046,25.14,16.90,42428,-2
22054,2046,25.15,17.60,42428,-2
22057,2046,25.14,18.40,43285,-1
22060,2046,25.14,18.70,43285,-1
22063,2046,25.15,19.00,43285,-1
22066,2046,25.16,19.00,43285,-1
22069,2046,25.16,19.00,43285,-1
22071,2046,25.16,18.90,43285,-1
22074,2046,25.15,17.90,43285,-1
22077,2046,25.15,17.30,41200,-1
22080,2046,25.15,16.20,41200,-1
22083,2046,25.15,15.10,41200,-1
22086,2046,25.14,14.30,41200,-1
22089,2046,25.15,13.60,41200,-1
22092,2046,25.14,13.20,41200,-2
22094,2046,25.14,13.00,42857,-2
22097,2046,25.14,12.90,42857,-2
22100,2046,25.15,13.10,42857,-2
22103,2046,25.15,13.60,42857,-1
22106,2046,25.14,14.40,42857,-1
22109,2046,25.13,15.50,42857,-1
22111,2046,25.13,16.10,42857,-1
22114,2046,25.15,16.70,42857,-2
22117,2046,25.15,17.10,42857,-2
22120,2046,25.16,17.90,42857,-2
22123,2046,25.16,18.30,42857,-2
22126,2046,25.16,18.70,42857,-2
22129,2046,25.16,18.40,42857,-1
22131,2046,25.15,18.00,42857,-1
22134,2046,25.14,17.70,42857,-1
22137,2046,25.15,17.20,42857,-1
22140,2046,25.15,16.80,42857,-2
22143,2046,25.14,15.70,42857,-2
22146,2046,25.14,14.70,42857,-2
22149,2046,25.14,13.70,42857,-2
22152,2046,25.15,13.20,42857,-1
22154,2046,25.15,13.00,42857,-1
22157,2046,25.15,13.20,42857,-1
22160,2046,25.14,13.60,42857,-1
22163,2046,25.14,13.80,42857,-1
22166,2046,25.14,14.50,42857,-1
22169,2046,25.15,15.40,42642,-1
22172,2046,25.14,16.40,42642,-1
22175,2046,25.15,17.40,42642,-2
22177,2046,25.15,18.20,42642,-2
22180,2046,25.14,18.40,42642,-2
22183,2046,25.15,18.60,42642,-2
22186,2046,25.15,18.70,42428,-2
22189,2046,25.15,18.60,42428,-2
22192,2046,25.16,18.00,42428,-2
22195,2046,25.14,17.60,42428,-2
22198,2046,25.15,16.70,42428,-1
22200,2046,25.14,15.60,42428,-1
22203,2046,25.14,14.60,42428,-1
22206,2046,25.15,14.30,42428,-1
22209,2046,25.15,14.00,42428,-2
22212,2046,25.14,13.30,42428,-2
22215,2046,25.14,12.80,42428,-2
22217,2046,25.14,12.50,42428,-2
22220,2046,25.15,12.90,42857,-2
22223,2046,25.15,13.30,42857,-2
22226,2046,25.15,14.10,42857,-2
22229,2046,25.14,14.50,42857,-2
22232,2046,25.14,15.20,42857,-1
22235,2046,25.14,16.10,42857,-1
22237,2046,25.14,17.00,42857,-1
22240,2046,25.15,18.30,43071,-1
22243,2046,25.16,18.60,43071,-1
22246,2046,25.15,18.90,43071,-1
22249,2046,25.15,18.90,43071,-1
22252,2046,25.16,18.80,43071,-1
22255,2046,25.16,18.60,43071,-1
22258,2046,25.14,18.10,43071,-1
22260,2046,25.14,17.40,41800,-1
22263,2046,25.14,16.50,41800,-1
22266,2046,25.14,15.20,41800,-1
22269,2046,25.13,14.20,41800,-1
22272,2046,25.14,13.30,41800,-1
22275,2046,25.14,13.10,41800,-1
22278,2046,25.14,12.90,43071,-1
22281,2046,25.14,12.60,43071,-1
22283,2046,25.14,12.60,43071,-1
22286,2046,25.14,13.10,43071,-1
22289,2046,25.15,14.00,43071,-1
22292,2046,25.14,14.90,43071,-1
22295,2046,25.14,15.80,43285,-1
22298,2046,25.15,16.20,43285,-1
22301,2046,25.17,17.10,43285,-1
22303,2046,25.15,17.40,43285,-1
22306,2046,25.15,17.90,43285,-1
22309,2046,25.16,18.60,43285,-1
22312,2046,25.16,18.20,42428,-1
22315,2046,25.15,17.70,42428,-2
22318,2046,25.14,17.20,42428,-2
22321,2046,25.13,16.90,42428,-2
22323,2046,25.14,16.20,42428,-2
22326,2046,25.15,15.40,42428,-2
22329,2046,25.15,14.30,42428,-2
22332,2046,25.15,13.50,43071,-2
22335,2046,25.14,12.80,43071,-2
22338,2046,25.15,12.30,43071,-1
22341,2046,25.15,12.30,43071,-1
22343,2046,25.15,12.40,43071,-1
22346,2046,25.14,12.70,43071,-1
22349,2046,25.14,13.80,43285,-2
22352,2046,25.14,14.90,43285,-2
22355,2046,25.12,15.80,43285,-2
22358,2046,25.15,16.80,43285,-2
22361,2046,25.15,17.80,43285,-1
22364,2046,25.15,18.00,43285,-1
22366,2046,25.15,18.40,43285,-1
22369,2046,25.15,18.70,43285,-1
22372,2046,25.14,18.80,43285,-2
22375,2046,25.15,18.40,43285,-2
22378,2046,25.15,17.80,43285,-2
22381,2046,25.15,17.10,43285,-2
22384,2046,25.13,16.20,42214,-2
22389,2046,25.14,13.50,42642,-2
22391,2046,25.14,14.20,42642,-2
22397,2046,25.14,16.20,42428,-2
22399,2046,25.15,16.80,42428,-2
22401,2046,25.15,17.70,42428,-2
22403,2046,25.15,17.90,42428,-2
22405,2046,25.11,18.20,42428,-2
22407,2046,25.15,18.60,42428,-2
22409,2046,25.15,18.70,42857,-2
22412,2046,25.15,18.50,42857,-2
22415,2046,25.14,18.10,42857,-2
22418,2046,25.14,18.10,42857,-1
22421,2046,25.15,17.60,42857,-1
22424,2046,25.14,16.40,42857,-1
22427,2046,25.15,15.60,42857,-1
22430,2046,25.15,14.60,42214,-1
22432,2046,25.15,14.10,42214,-1
22435,2046,25.15,13.60,42214,-1
22438,2046,25.15,13.50,42214,-1
22441,2046,25.14,13.50,42214,-1
22444,2046,25.14,13.70,42214,-2
22447,2046,25.10,15.00,42642,-2
22449,2046,25.14,15.90,42642,-2
22452,2046,25.13,17.10,42642,-2
22455,2046,25.15,17.80,42642,-2
22458,2046,25.15,18.40,42642,-2
22461,2046,25.14,18.70,42642,-2
22464,2046,25.15,18.90,42642,-2
22467,2046,25.15,18.70,42014,-3
22470,2046,25.15,18.40,42014,-3
22472,2046,25.15,17.60,42014,-3
22475,2046,25.15,16.50,42014,-3
22478,2046,25.15,15.60,42014,-1
22481,2046,25.14,14.90,42014,-1
22484,2046,25.15,14.10,43285,-1
22487,2046,25.13,13.90,43285,-1
22490,2046,25.14,13.80,43285,-1
22492,2046,25.14,13.70,43285,-1
22495,2046,25.14,13.90,43285,-1
22498,2046,25.14,14.70,43285,-1
22501,2046,25.13,15.70,43071,-2
22504,2046,25.13,17.20,43071,-2
22507,2046,25.16,17.70,43071,-2
22510,2046,25.16,18.00,43071,-2
22513,2046,25.15,18.60,43071,-2
22515,2046,25.15,18.90,43071,-2
22518,2046,25.15,19.10,43071,-2
22521,2046,25.15,19.10,45342,-2
22524,2046,25.14,18.70,45342,-2
22527,2046,25.12,17.80,45342,-2
22530,2046,25.14,16.70,45342,-2
22533,2046,25.14,16.00,45342,-2
22536,2046,25.15,14.90,43285,-1
22538,2046,25.12,14.00,43285,-1
22541,2046,25.14,13.50,43285,-1
22544,2046,25.15,13.30,43285,-1
22547,2046,25.15,13.20,43285,-1
22550,2046,25.17,13.50,43285,-1
22553,2046,25.15,13.60,43285,-1
22555,2046,25.14,14.00,44171,-1
22558,2046,25.14,15.10,44171,-2
22561,2046,25.14,16.80,44171,-2
22564,2046,25.15,18.00,44171,-2
22567,2046,25.16,19.10,44171,-2
22570,2046,25.15,19.70,43071,-2
22573,2046,25.15,19.70,43071,-2
22576,2046,25.13,19.80,43071,-2
22578,2046,25.14,19.50,43071,-2
22581,2046,25.12,19.00,43071,-3
22584,2046,25.13,17.80,43071,-3
22587,2046,25.14,16.40,43285,-3
22590,2046,25.14,15.20,43285,-3
22593,2046,25.15,14.40,43285,-3
22596,2046,25.14,14.10,43285,-2
22598,2046,25.14,14.30,43285,-2
22601,2046,25.14,14.60,43285,-2
22604,2046,25.13,15.60,43728,-2
22607,2046,25.13,16.90,43728,-2
22610,2046,25.13,18.50,43728,-2
22613,2046,25.15,19.30,43728,-2
22616,2046,25.13,20.20,43728,-2
22619,2046,25.13,20.90,44871,-2
22621,2046,25.16,20.80,44871,-2
22624,2046,25.15,20.20,44871,-2
22627,2046,25.15,19.50,44871,-2
22630,2046,25.16,18.20,44871,-1
22633,2046,25.13,17.10,44871,-1
22636,2046,25.14,16.00,42214,-1
22639,2046,25.13,14.50,42214,-1
22642,2046,25.14,14.60,42214,-2
22644,2046,25.14,14.90,42214,-2
22647,2046,25.13,15.80,43942,-2
22650,2046,25.13,16.50,43942,-2
22656,2046,25.15,23.00,42214,-1
22657,2046,25.15,23.10,42214,-1
22659,2046,25.16,23.20,42214,-1
22661,2046,25.14,23.20,42214,-1
22664,2046,25.13,23.20,42214,-1
22667,2046,25.14,23.10,42214,-1
22670,2046,25.14,22.50,41000,-1
22676,2046,25.15,21.20,41000,-1
22677,2046,25.15,21.10,41000,-1
22679,2046,25.13,20.50,41000,-1
22681,2046,25.12,20.10,40814,-1
22684,2046,25.11,19.30,40814,-1
22687,2046,25.14,18.40,40814,-2
22690,2046,25.13,17.00,40814,-2
22696,2046,25.16,14.40,40814,-2
22697,2046,25.14,14.30,44171,-2
22699,2046,25.15,14.30,44171,-2
22702,2046,25.15,14.40,44171,-2
22704,2046,25.15,14.60,44171,-2
22707,2046,25.14,14.90,44171,-2
22710,2046,25.13,15.80,44171,-1
22716,2046,25.16,18.40,42857,-1
22717,2046,25.16,18.70,42857,-1
22719,2046,25.14,18.90,42857,-1
22722,2046,25.14,19.20,42857,-1
22724,2046,25.15,19.20,42857,-1
22727,2046,25.14,19.10,42857,-1
22730,2046,25.15,18.50,42857,-1
22734,2046,25.14,17.60,41400,-2
22736,2046,25.14,16.70,41400,-2
22739,2046,25.15,15.50,41400,-2
22742,2046,25.15,15.20,41400,-2
22745,2046,25.14,14.50,41400,-2
22747,2046,25.15,13.80,41400,-2
22750,2046,25.14,13.50,43071,-2
22754,2046,25.14,13.70,43071,-2
22756,2046,25.15,14.30,43071,-2
22759,2046,25.14,15.20,43071,-2
22762,2046,25.13,16.50,43071,-2
22765,2046,25.13,16.70,43071,-2
22767,2046,25.15,17.50,43071,-2
22770,2046,25.15,17.80,43942,-2
22774,2046,25.15,18.30,43942,-2
22776,2046,25.15,18.10,43942,-2
22779,2046,25.14,17.60,43942,-2
22782,2046,25.14,16.60,43942,-2
22785,2046,25.14,15.50,42642,-2
22787,2046,25.15,15.10,42642,-2
22790,2046,25.14,14.30,42642,-2
22794,2046,25.14,13.60,42642,-2
22796,2046,25.15,13.10,42642,-2
22799,2046,25.15,13.20,42642,-2
22802,2046,25.14,13.40,42642,-2
22805,2046,25.14,14.10,43285,-2
22808,2046,25.15,15.00,43285,-2
22810,2046,25.14,15.40,43285,-2
22814,2046,25.14,16.30,43285,-2
22816,2046,25.15,17.30,43285,-2
22819,2046,25.15,18.20,43285,-2
22822,2046,25.16,18.30,43071,-2
22825,2046,25.16,18.30,43071,-2
22828,2046,25.14,17.80,43071,-1
22830,2046,25.14,17.20,43071,-1
22834,2046,25.13,16.80,43071,-1
22836,2046,25.14,16.20,43071,-1
22839,2046,25.14,15.10,43071,-1
22842,2046,25.14,14.20,42642,-1
22845,2046,25.15,13.70,42642,-1
22848,2046,25.14,13.80,42642,-1
22851,2046,25.14,14.00,42642,-1
22854,2046,25.14,15.00,42642,-1
22856,2046,25.14,15.40,42642,-1
22859,2046,25.15,15.90,42642,-1
22862,2046,25.15,17.10,43071,-1
22865,2046,25.15,17.80,43071,-1
22868,2046,25.14,18.40,43071,-1
22871,2046,25.14,18.30,43071,-1
22874,2046,25.16,18.20,43071,0
22876,2046,25.15,17.60,41800,0
22879,2046,25.14,17.30,41800,0
22882,2046,25.14,17.10,41800,0
22885,2046,25.14,15.80,41800,0
22887,2046,25.14,14.70,41800,-1
22890,2046,25.14,14.00,41800,-1
22896,2046,25.15,18.60,43942,-1
22897,2046,25.15,18.70,43942,-1
22899,2046,25.15,18.50,43942,-1
22902,2046,25.15,18.20,43942,-1
22904,2046,25.14,17.70,43942,-1
22907,2046,25.15,16.80,42428,-1
22910,2046,25.14,16.00,42428,-1
22914,2046,25.14,15.00,42428,-1
22916,2046,25.14,14.00,42428,-1
22919,2046,25.15,13.40,42428,-1
22922,2046,25.14,13.40,42428,-1
22925,2046,25.15,13.30,42428,-1
22927,2046,25.13,13.50,43071,-1
22930,2046,25.14,14.30,43071,-1
22934,2046,25.14,14.80,43071,-2
22936,2046,25.14,15.90,43071,-2
22939,2046,25.16,16.70,43071,-2
22942,2046,25.14,17.70,43942,-2
22945,2046,25.16,17.80,43942,-2
22947,2046,25.15,18.10,43942,-2
22950,2046,25.14,18.30,43942,-2
22954,2046,25.14,17.90,43942,-2
22956,2046,25.14,17.40,43942,-3
22959,2046,25.13,16.70,43942,-3
22962,2046,25.14,15.70,41200,-3
22965,2046,25.14,15.00,41200,-3
22968,2046,25.14,14.70,41200,-2
22970,2046,25.15,14.10,41200,-2
22974,2046,25.14,13.20,41200,-2
22976,2046,25.14,13.00,41200,-2
22979,2046,25.14,12.90,42857,-2
22982,2046,25.15,13.50,42857,-2
22985,2046,25.14,14.00,42857,-2
22988,2046,25.14,15.00,42857,-2
22991,2046,25.13,15.40,42857,-1
22994,2046,25.13,16.20,42857,-1
22996,2046,25.16,17.00,42857,-1
22999,2046,25.15,18.00,43942,-1
23002,2046,25.14,18.50,43942,-2
23005,2046,25.15,18.50,43942,-2
23008,2046,25.15,18.40,43942,-2
23010,2046,25.14,17.90,43942,-2
23014,2046,25.13,17.50,43942,-2
23016,2046,25.13,16.80,43942,-2
23019,2046,25.11,15.90,41000,-2
23022,2046,25.15,14.80,41000,-2
23025,2046,25.14,14.10,41000,-1
23028,2046,25.15,14.00,41000,-1
23031,2046,25.14,14.00,41000,-1
23034,2046,25.14,14.50,43285,-1
23036,2046,25.13,14.80,43285,-1
23039,2046,25.14,15.40,43285,-1
23042,2046,25.13,16.50,43285,-1
23045,2046,25.15,17.50,43285,-1
23048,2046,25.15,18.20,43285,-1
23051,2046,25.15,18.60,43285,-2
23054,2046,25.15,18.50,43071,-2
23056,2046,25.14,18.20,43071,-2
23059,2046,25.14,17.80,43071,-2
23062,2046,25.14,17.40,43071,-2
23065,2046,25.14,16.30,43071,-2
23068,2046,25.14,15.10,43071,-2
23071,2046,25.14,14.20,42642,-2
23074,2046,25.14,13.80,42642,-1
23076,2046,25.14,13.70,42642,-1
23079,2046,25.14,13.70,42642,-1
23082,2046,25.15,13.80,42642,-1
23085,2046,25.13,14.40,42642,-1
23088,2046,25.14,15.30,42642,-1
23091,2046,25.12,16.30,43071,-1
23094,2046,25.15,17.40,43071,-1
23097,2046,25.15,17.80,43071,-2
23099,2046,25.15,18.40,43071,-2
23102,2046,25.15,18.30,43071,-2
23105,2046,25.15,18.20,43071,-2
23108,2046,25.14,18.30,43071,-2
23111,2046,25.14,17.50,42014,-2
23114,2046,25.15,16.60,42014,-2
23116,2046,25.14,15.40,42014,-2
23119,2046,25.14,14.50,42014,-2
23122,2046,25.14,13.70,42014,-2
23125,2046,25.14,13.50,43071,-2
23128,2046,25.14,13.60,43071,-2
23131,2046,25.14,13.80,43071,-2
23134,2046,25.14,14.30,43071,-2
23137,2046,25.14,15.10,43071,-2
23139,2046,25.14,16.30,43071,-2
23142,2046,25.15,17.60,43071,-1
23145,2046,25.14,18.40,42857,-1
23148,2046,25.14,19.00,42857,-1
23151,2046,25.16,19.00,42857,-1
23154,2046,25.15,18.90,42857,-1
23157,2046,25.15,18.50,42857,-1
23159,2046,25.13,17.80,42857,-1
23162,2046,25.13,16.70,41400,-1
23165,2046,25.14,15.90,41400,-1
23168,2046,25.13,15.00,41400,-1
23171,2046,25.13,14.40,41400,-1
23174,2046,25.14,14.20,41400,-1
23177,2046,25.14,14.10,41400,-2
23179,2046,25.14,14.10,41400,-2
23182,2046,25.15,14.60,42857,-2
23185,2046,25.13,15.60,42857,-2
23188,2046,25.14,16.50,42857,-2
23191,2046,25.13,17.70,42857,-2
23194,2046,25.14,18.10,42857,-2
23197,2046,25.13,18.40,42857,-2
23200,2046,25.14,18.50,42857,-2
23203,2046,25.15,18.50,42428,-1
23205,2046,25.14,17.90,42428,-1
23208,2046,25.14,17.30,42428,-1
23211,2046,25.15,16.40,42428,-1
23214,2046,25.14,15.30,42428,-2
23217,2046,25.15,14.60,42642,-2
23220,2046,25.15,14.40,42642,-2
23222,2046,25.13,14.00,42642,-2
23225,2046,25.14,14.10,42642,-2
23228,2046,25.13,14.60,42642,-2
23231,2046,25.14,15.40,42642,-2
23234,2046,25.13,16.50,42642,-2
23237,2046,25.14,17.10,42857,-2
23240,2046,25.15,17.70,42857,-2
23243,2046,25.15,18.10,42857,-2
23245,2046,25.15,18.20,42857,-2
23248,2046,25.14,18.40,42857,-2
23251,2046,25.14,17.70,42857,-2
23254,2046,25.15,16.90,41800,-2
23257,2046,25.14,16.00,41800,-2
23260,2046,25.14,15.10,41800,-1
23263,2046,25.13,14.50,41800,-1
23265,2046,25.14,14.30,41800,-1
23268,2046,25.14,13.90,41800,-1
23271,2046,25.14,14.40,43071,-2
23274,2046,25.14,15.10,43071,-2
23277,2046,25.11,16.00,43071,-2
23280,2046,25.12,17.00,43071,-2
23283,2046,25.16,17.70,43071,-2
23285,2046,25.15,17.90,43071,-2
23288,2046,25.14,18.40,43728,-2
23291,2046,25.15,18.30,43728,-2
23294,2046,25.14,18.30,43728,-1
23297,2046,25.14,17.40,43728,-1
23300,2046,25.13,16.40,43728,-1
23303,2046,25.14,15.30,43728,-1
23306,2046,25.13,14.70,43285,-1
23308,2046,25.14,14.30,43285,-1
23311,2046,25.13,13.70,43285,-1
23314,2046,25.13,13.70,43285,-1
23317,2046,25.12,13.90,43285,-1
23320,2046,25.15,14.50,43285,-1
23323,2046,25.14,15.20,43285,-1
23326,2046,25.13,16.40,43071,-1
23329,2046,25.14,17.00,43071,-1
23331,2046,25.15,17.40,43071,-1
23334,2046,25.13,18.50,43071,-1
23337,2046,25.14,18.90,43071,-1
23340,2046,25.15,19.40,43071,-2
23343,2046,25.13,19.20,43071,-2
23346,2046,25.13,18.70,43071,-2
23349,2046,25.14,18.00,43071,-2
23351,2046,25.13,17.40,43071,-2
23354,2046,25.11,17.40,43071,-2
23357,2046,25.13,16.20,43071,-2
23360,2046,25.15,15.20,43071,-2
23363,2046,25.15,14.90,42857,-2
23366,2046,25.14,15.10,42857,-2
23369,2046,25.13,15.90,42857,-2
23371,2046,25.13,17.10,42857,-2
23374,2046,25.12,17.80,42857,-2
23377,2046,25.14,18.20,42857,-1
23380,2046,25.14,19.60,43285,-1
23383,2046,25.13,20.70,43285,-1
23386,2046,25.15,21.10,43285,-1
23389,2046,25.13,20.90,43285,-1
23391,2046,25.13,20.60,43285,-1
23394,2046,25.16,19.00,43285,-1
23397,2046,25.17,18.00,44400,-1
23400,2046,25.16,17.40,44400,-2
23403,2046,25.14,16.00,44400,-2
23406,2046,25.12,15.40,44400,-2
23409,2046,25.14,15.10,44400,-2
23412,2046,25.14,15.60,44400,-1
23414,2046,25.14,15.80,44400,-1
23417,2046,25.11,16.80,44642,-1
23420,2046,25.12,17.40,44642,-1
23423,2046,25.13,18.00,44642,-1
23426,2046,25.12,19.10,44642,-1
23429,2046,25.15,20.30,44642,-1
23432,2046,25.24,20.70,44642,-1
23435,2046,25.15,20.10,43942,-2
23437,2046,25.14,19.70,43942,-2
23440,2046,25.14,18.90,43942,-2
23443,2046,25.13,18.00,43942,-2
23446,2046,25.13,17.60,43942,-2
23449,2046,25.13,16.80,43942,-2
23452,2046,25.13,15.70,43942,-2
23454,2046,25.11,15.00,42214,-2
23457,2046,25.11,14.70,42214,-2
23460,2046,25.13,14.70,42214,-2
23463,2046,25.09,15.00,42214,-2
23466,2046,25.14,15.50,42214,-2
23472,2046,25.14,18.70,43728,-3
23475,2046,25.13,18.10,43728,-3
23476,2046,25.13,18.00,43728,-3
23478,2046,25.13,17.20,43728,-3
23480,2046,25.13,16.80,41200,-2
23483,2046,25.14,16.00,41200,-2
23486,2046,25.14,15.30,41200,-2
23489,2046,25.14,14.20,41200,-2
23492,2046,25.15,13.60,41200,-2
23495,2046,25.13,13.40,41200,-2
23497,2046,25.13,13.50,41200,-2
23500,2046,25.11,13.90,43285,-2
23503,2046,25.14,14.80,43285,-2
23506,2046,25.14,15.80,43285,-2
23509,2046,25.13,17.30,43285,-2
23512,2046,25.14,18.00,43285,-2
23515,2046,25.14,18.80,43500,-2
23518,2046,25.15,19.00,43500,-2
23520,2046,25.15,18.90,43500,-2
23523,2046,25.16,18.90,43500,-2
23526,2046,25.14,18.50,43500,-2
23529,2046,25.13,17.90,43500,-1
23532,2046,25.13,17.40,43500,-1
23535,2046,25.14,16.10,41000,-1
23538,2046,25.13,15.00,41000,-1
23541,2046,25.14,14.30,41000,-1
23543,2046,25.12,14.10,41000,-1
23546,2046,25.14,13.80,41000,-1
23549,2046,25.14,13.50,41000,-1
23552,2046,25.13,13.80,43071,-2
23555,2046,25.13,14.50,43071,-2
23558,2046,25.13,15.40,43071,-2
23560,2046,25.13,16.60,43071,-2
23563,2046,25.14,17.80,43071,-2
23566,2046,25.14,18.00,43071,-2
23569,2046,25.14,18.60,43071,-2
23572,2046,25.14,19.30,43728,-2
23575,2046,25.14,19.30,43728,-2
23578,2046,25.14,19.30,43728,-2
23581,2046,25.14,18.70,43728,-2
23583,2046,25.13,17.80,43728,-2
23586,2046,25.13,16.80,40428,-2
23589,2046,25.12,16.50,40428,-2
23592,2046,25.14,15.60,40428,-2
23595,2046,25.13,14.60,40428,-2
23598,2046,25.13,14.20,40428,-2
23601,2046,25.13,13.70,40428,-2
23603,2046,25.14,13.80,40428,-2
23606,2046,25.13,14.40,43285,-2
23609,2046,25.14,15.20,43285,-2
23612,2046,25.14,15.50,43285,-2
23615,2046,25.13,16.40,43285,-2
23618,2046,25.12,17.70,43285,-2
23621,2046,25.15,18.10,43285,-2
23623,2046,25.15,19.00,43285,-2
23626,2046,25.14,19.30,44171,-2
23629,2046,25.14,19.10,44171,-2
23632,2046,25.14,18.90,44171,-2
23635,2046,25.14,18.80,44171,-2
23638,2046,25.13,18.10,44171,-2
23641,2046,25.14,17.60,44171,-2
23644,2046,25.14,16.30,42642,-2
23646,2046,25.14,15.50,42642,-2
23649,2046,25.14,14.60,42642,-2
23652,2046,25.14,14.00,42642,-2
23655,2046,25.13,13.60,42642,-2
23658,2046,25.14,13.50,42642,-1
23661,2046,25.14,13.80,42642,-1
23664,2046,25.14,14.30,42857,-1
23666,2046,25.13,15.10,42857,-1
23669,2046,25.14,16.20,42857,-2
23672,2046,25.13,16.90,42857,-2
23675,2046,25.14,17.90,42857,-2
23678,2046,25.14,18.60,43728,-2
23681,2046,25.14,18.70,43728,-2
23684,2046,25.14,19.00,43728,-2
23687,2046,25.14,18.90,43728,-2
23689,2046,25.14,18.60,43728,-2
23692,2046,25.13,17.70,43728,-1
23695,2046,25.14,17.20,43728,-1
23698,2046,25.14,16.20,40428,-1
23701,2046,25.13,15.00,40428,-1
23704,2046,25.13,14.60,40428,-1
23707,2046,25.13,14.00,40428,-1
23709,2046,25.13,13.40,40428,-1
23712,2046,25.13,13.00,40428,-1
23715,2046,25.13,13.10,43285,-1
23718,2046,25.13,13.40,43285,-1
23721,2046,25.13,14.20,43285,-1
23724,2046,25.14,15.30,43285,-1
23727,2046,25.10,15.60,43285,-1
23729,2046,25.13,16.60,43285,-1
23732,2046,25.14,17.40,43285,-1
23735,2046,25.14,18.50,42857,-1
23738,2046,25.14,18.90,42857,-1
23741,2046,25.15,19.00,42857,-1
23744,2046,25.14,19.10,42857,-1
23747,2046,25.15,18.60,42857,-1
23750,2046,25.14,18.50,42857,-1
23752,2046,25.13,18.10,42857,-1
23755,2046,25.14,17.10,40428,-1
23758,2046,25.13,16.10,40428,-1
23761,2046,25.13,14.90,40428,-2
23764,2046,25.14,14.10,40428,-2
23767,2046,25.14,13.60,40428,-2
23770,2046,25.13,13.00,42857,-2
23773,2046,25.12,13.00,42857,-2
23775,2046,25.13,13.10,42857,-2
23778,2046,25.14,13.60,42857,-2
23781,2046,25.13,14.40,42857,-2
23784,2046,25.14,15.30,42857,-2
23787,2046,25.13,16.40,42857,-2
23790,2046,25.14,17.50,42857,-2
23793,2046,25.14,18.20,42857,-2
23795,2046,25.14,18.40,42857,-2
23798,2046,25.13,18.70,42857,-2
23801,2046,25.15,19.20,42857,-2
23804,2046,25.15,19.10,42857,-2
23807,2046,25.14,18.50,42642,-2
23810,2046,25.12,18.20,42642,-2
23813,2046,25.13,16.60,42642,-2
23815,2046,25.13,16.20,42642,-2
23818,2046,25.14,15.50,42642,-2
23821,2046,25.13,14.50,42642,-2
23824,2046,25.14,13.80,43285,-2
23827,2046,25.14,13.70,43285,-2
23830,2046,25.13,13.50,43285,-2
23833,2046,25.13,14.30,43285,-2
23835,2046,25.13,14.80,43285,-2
23838,2046,25.12,15.00,43285,-2
23841,2046,25.13,15.60,43285,-2
23844,2046,25.13,17.10,43285,-3
23847,2046,25.15,17.90,43285,-3
23850,2046,25.14,18.60,43285,-3
23853,2046,25.14,19.40,43285,-3
23856,2046,25.14,19.40,43285,-3
23858,2046,25.14,19.40,42857,-3
23861,2046,25.15,19.30,42857,-3
23864,2046,25.14,19.00,42857,-3
23867,2046,25.14,18.00,42857,-1
23870,2046,25.13,17.50,42857,-1
23873,2046,25.13,16.40,42857,-1
23876,2046,25.13,15.20,42857,-1
23879,2046,25.13,14.30,42857,-2
23881,2046,25.14,13.70,42857,-2
23884,2046,25.14,13.20,42857,-2
23887,2046,25.13,13.20,42857,-2
23890,2046,25.13,13.70,42857,-1
23893,2046,25.14,14.40,42857,-1
23896,2046,25.13,15.40,42857,-1
23898,2046,25.13,16.20,42857,-1
23901,2046,25.15,17.30,42857,-1
23904,2046,25.13,17.80,42857,-1
23907,2046,25.15,18.10,42857,-1
23910,2046,25.14,18.70,43285,-1
23916,2046,25.14,19.00,43500,-1
23917,2046,25.14,18.90,43500,-1
23919,2046,25.13,18.60,43500,-1
23921,2046,25.13,18.30,43500,-1
23924,2046,25.14,18.10,43500,-2
23927,2046,25.13,17.30,43500,-2
23930,2046,25.14,16.10,43285,-2
23936,2046,25.13,13.90,43285,-1
23937,2046,25.13,13.90,43285,-1
23939,2046,25.14,13.80,43285,-1
23941,2046,25.13,13.80,43285,-1
23944,2046,25.13,14.20,43285,-1
23947,2046,25.14,14.60,43285,-2
23950,2046,25.13,15.40,43285,-2
23956,2046,25.14,18.70,43285,-2
23957,2046,25.14,18.80,43285,-2
23959,2046,25.14,19.00,42857,-2
23962,2046,25.15,18.90,42857,-2
23964,2046,25.15,18.90,42857,-2
23967,2046,25.15,18.60,42857,-2
23970,2046,25.14,17.90,42857,-2
23974,2046,25.14,17.10,42857,-2
23976,2046,25.13,15.90,42857,-2
23979,2046,25.12,14.80,44171,-2
23982,2046,25.12,14.60,44171,-2
23985,2046,25.13,14.10,44171,-1
23987,2046,25.13,13.40,44171,-1
23990,2046,25.14,13.30,44171,-1
23996,2046,25.13,16.20,42428,-1
23997,2046,25.13,16.50,42428,-1
23999,2046,25.13,17.30,42428,-1
24002,118,25.15,17.60,42428,-1
24004,118,25.14,18.10,42428,-1
24007,118,25.14,17.90,42428,-1
24010,118,25.80,16.80,41600,-1
24013,118,25.82,15.30,41600,-1
24016,118,25.83,13.90,41600,-1
24018,118,25.81,12.60,41600,-1
24021,118,25.83,11.90,41600,-1
24024,118,25.79,10.80,41600,-1
24027,118,25.85,9.80,29757,-1
24029,118,25.79,8.90,29757,-1
24032,118,25.73,8.10,29757,-1
24035,118,25.72,7.60,29757,-1
24037,118,25.66,6.90,29757,-1
24040,118,25.65,6.70,29757,-1
24043,118,25.59,6.30,29757,2
24045,118,25.58,5.90,15085,2
24048,118,25.47,5.30,15085,2
24051,118,25.46,4.80,15085,2
24054,118,25.42,4.50,15085,1
24056,118,25.40,4.10,15085,1
24058,118,25.37,3.90,15085,1
24061,118,25.33,3.50,6642,1
24064,118,25.33,3.40,6642,1
24066,118,25.32,3.20,6642,-2
24069,118,25.31,3.00,6642,-2
24071,118,25.30,2.70,6642,-2
24074,118,25.29,2.60,6642,-2
24077,118,25.29,2.30,6642,-2
24079,118,25.28,2.20,4771,-2
24082,118,25.29,2.00,4771,-2
24084,118,25.28,1.90,4771,-2
24087,118,25.28,1.90,4771,-2
24090,118,25.28,1.70,4771,-1
24092,118,25.27,1.80,4771,-1
24095,118,25.28,1.60,4771,-1
24097,118,25.27,1.50,4771,-1
24100,118,25.27,1.40,3700,-1
24102,118,25.27,1.40,3700,-1
24105,118,25.27,1.30,3700,-1
24108,118,25.27,1.30,3700,-1
24110,118,25.27,1.20,3700,-1
24116,118,25.26,0.80,3342,-2
24117,118,25.26,0.80,3342,-2
24119,118,25.26,0.80,3142,-2
24121,118,25.26,0.70,3142,-2
24123,118,25.25,0.70,3142,0
24126,118,25.25,0.70,3142,0
24128,118,25.26,0.60,3142,0
24131,118,25.26,0.60,3142,0
24134,118,25.26,0.60,3142,0
24136,118,25.26,0.60,3142,0
24138,118,25.26,0.80,2971,0
24141,118,25.26,0.80,2971,0
24143,118,25.26,0.90,2971,0
24146,118,25.26,0.80,2971,-2
24149,118,25.26,0.90,2971,-2
24151,118,25.26,0.90,2971,-2
24154,118,25.26,1.00,2971,-2
24156,118,25.26,1.00,2971,-2
24159,118,25.26,1.00,2842,-1
24162,118,25.26,1.20,2842,-1
24164,118,25.26,1.20,2842,-1
24167,118,25.26,1.20,2842,-1
24170,118,25.26,1.00,2842,0
24172,118,25.26,1.10,2842,0
24174,118,25.26,1.10,2842,0
24177,118,25.25,1.10,2742,0
24179,118,25.25,1.10,2742,0
24182,118,25.26,1.20,2742,0
24185,118,25.26,1.20,2742,0
24187,118,25.26,1.20,2742,0
24190,118,25.26,1.20,2742,0
24192,118,25.26,1.20,2742,0
24195,118,25.26,1.20,2671,0
24197,118,25.26,1.20,2671,0
24200,118,25.26,1.20,2671,0
24202,118,25.26,1.20,2671,0
24205,118,25.26,1.40,2671,0
24207,118,25.26,1.40,2671,0
24210,118,25.26,1.40,2671,0
24212,118,25.26,1.30,2671,0
24215,118,25.26,1.20,2614,0
24217,118,25.26,1.20,2614,-1
24220,118,25.26,1.30,2614,-1
24222,118,25.26,1.20,2614,-1
24225,118,25.26,1.10,2614,-1
24228,118,25.26,1.20,2614,0
24230,118,25.26,1.10,2614,0
24233,118,25.26,1.10,2571,0
24235,118,25.26,1.00,2571,0
24238,118,25.26,1.10,2571,0
24240,118,25.25,1.30,2571,-1
24243,118,25.26,1.40,2571,-1
24245,118,25.26,1.30,2542,-1
24248,118,25.23,1.20,2542,-1
24251,118,25.26,1.20,2542,-1
24254,118,25.26,1.20,2542,-1
24256,118,25.26,1.20,2542,-1
24258,118,25.26,1.10,2542,-1
24261,118,25.26,1.20,2542,-1
24264,118,25.26,1.20,2514,-1
24266,118,25.26,1.30,2514,-1
24269,118,25.26,1.40,2514,-1
24271,118,25.26,1.40,2514,-1
24274,118,25.26,1.40,2514,-1
24277,118,25.26,1.30,2514,-1
24279,118,25.26,1.30,2514,-1
24282,118,25.26,1.40,2514,-1
24285,118,25.26,1.40,2471,-1
24287,118,25.26,1.40,2471,-1
24290,118,25.26,1.30,2471,-1
24292,118,25.26,1.20,2471,-1
24295,118,25.26,1.20,2471,-1
24298,118,25.26,1.20,2471,-1
24300,118,25.26,1.20,2457,-1
24303,118,25.26,1.30,2457,-1
24305,118,25.26,1.20,2457,-1
24308,118,25.26,1.10,2457,-1
24311,118,25.26,1.10,2457,-2
24314,118,25.26,1.40,2457,-2
24316,118,25.26,1.40,2457,-2
24318,118,25.26,1.30,2471,-2
24321,118,25.26,1.20,2471,-2
24324,118,25.26,1.40,2471,-2
24326,118,25.26,1.60,2471,-2
24329,118,25.26,1.50,2471,-2
24331,118,25.26,1.40,2471,-2
24334,118,25.26,1.30,2471,-1
24337,118,25.26,1.50,2457,-1
24339,118,25.26,1.40,2457,-1
24342,118,25.26,1.40,2457,-1
24345,118,25.26,1.30,2457,-1
24347,118,25.26,1.60,2457,-1
24350,118,25.26,1.40,2457,-1
24352,118,25.27,1.40,2457,-1
24355,118,25.26,1.50,2442,-1
24358,118,25.26,1.60,2442,0
24360,118,25.26,1.60,2442,0
24362,118,25.26,1.60,2442,0
24365,118,25.26,1.60,2442,0
24368,118,25.26,1.60,2442,-2
24370,118,25.26,1.90,2442,-2
24373,118,25.26,1.70,2442,-2
24375,118,25.26,1.60,2442,-2
24378,118,25.26,1.70,2442,-2
24381,118,25.26,1.70,2442,-2
24383,118,25.26,1.70,2442,-2
24386,118,25.26,1.70,2442,-2
24388,118,25.26,1.60,2442,-2
24391,118,25.26,1.60,2428,-1
24394,118,25.26,1.50,2428,-1
24396,118,25.26,1.40,2428,-1
24399,118,25.26,1.50,2428,-1
24401,118,25.26,1.60,2428,-1
24404,118,25.26,1.50,2428,-1
24407,118,25.26,1.50,2414,-1
24409,118,25.27,1.60,2414,-1
24412,118,25.26,1.60,2414,-1
24414,118,25.26,1.50,2414,-1
24417,118,25.26,1.40,2414,-1
24420,118,25.26,1.40,2414,-1
24422,118,25.26,1.50,2428,-1
24425,118,25.26,1.40,2428,-1
24428,118,25.26,1.30,2428,-1
24430,118,25.26,1.30,2428,-1
24433,118,25.27,1.30,2428,-1
24435,118,25.27,1.30,2428,-1
24438,118,25.27,1.20,2428,-1
24440,118,25.26,1.20,2428,-1
24443,118,25.27,1.40,2414,-1
24446,118,25.27,1.30,2414,-1
24448,118,25.26,1.40,2414,-1
24451,118,25.27,1.50,2414,-2
24454,118,25.27,1.40,2414,-2
24456,118,25.26,1.30,2414,-2
24459,118,25.26,1.20,2414,-2
24461,118,25.26,1.30,2414,-1
24464,118,25.26,1.50,2414,-1
24466,118,25.26,1.50,2414,-1
24469,118,25.26,1.40,2414,-1
24472,118,25.26,1.30,2414,-1
24474,118,25.26,1.40,2414,0
24477,118,25.26,1.40,2428,0
24479,118,25.26,1.30,2428,0
24482,118,25.27,1.20,2428,0
24484,118,25.27,1.20,2428,0
24487,118,25.26,1.10,2428,0
24489,118,25.26,1.10,2428,0
24492,118,25.26,1.20,2428,0
24494,118,25.26,1.20,2414,0
24497,118,25.26,1.20,2414,-2
24500,118,25.27,1.10,2414,-2
24502,118,25.27,1.10,2414,-2
24505,118,25.26,1.10,2414,-2
24507,118,25.27,1.10,2414,-3
24510,118,25.27,1.10,2414,-3
24513,118,25.27,1.20,2414,-3
24515,118,25.26,1.30,2414,-3
24518,118,25.26,1.30,2414,-3
24520,118,25.27,1.20,2414,-2
24523,118,25.27,1.10,2414,-2
24526,118,25.26,1.20,2414,-2
24528,118,25.26,1.30,2414,-2
24531,118,25.27,1.20,2414,-2
24534,118,25.27,1.20,2414,-2
24536,118,25.26,1.10,2414,-2
24539,118,25.26,1.10,2414,-2
24541,118,25.27,1.20,2414,-2
24544,118,25.27,1.20,2414,-1
24546,118,25.26,1.20,2414,-1
24549,118,25.26,1.20,2414,-1
24552,118,25.26,1.20,2414,-1
24554,118,25.26,1.10,2414,-3
24557,118,25.26,1.20,2414,-3
24559,118,25.27,1.40,2414,-3
24562,118,25.27,1.40,2414,-3
24565,118,25.27,1.30,2414,-3
24567,118,25.26,1.20,2400,-3
24570,118,25.26,1.40,2400,-3
24572,118,25.26,1.40,2400,-3
24575,118,25.26,1.40,2400,-3
24578,118,25.26,1.30,2400,-3
24580,118,25.27,1.30,2400,-3
24583,118,25.26,1.50,2414,-3
24585,118,25.26,1.40,2414,-3
24588,118,25.26,1.30,2414,-3
24591,118,25.27,1.30,2414,-4
24594,118,25.27,1.30,2414,-4
24596,118,25.27,1.20,2414,-4
24598,118,25.27,1.20,2414,-4
24601,118,25.27,1.30,2414,-1
24604,118,25.27,1.30,2414,-1
24606,118,25.27,1.40,2414,-1
24609,118,25.27,1.30,2414,-1
24612,118,25.26,1.30,2414,-1
24614,118,25.27,1.20,2414,-1
24617,118,25.27,1.20,2400,-1
24619,118,25.27,1.10,2400,-1
24622,118,25.26,1.30,2400,-1
24625,118,25.26,1.30,2400,-2
24627,118,25.26,1.20,2400,-2
24630,118,25.26,1.20,2400,-2
24632,118,25.27,1.30,2400,-2
24635,118,25.27,1.40,2400,-2
24638,118,25.26,1.40,2414,-1
24640,118,25.26,1.30,2414,-1
24643,118,25.26,1.30,2414,-1
24645,118,25.26,1.40,2414,-1
24648,118,25.26,1.30,2414,-2
24651,118,25.27,1.30,2414,-2
24654,118,25.27,1.20,2400,-2
24656,118,25.27,1.20,2400,-2
24658,118,25.26,1.20,2400,-2
24661,118,25.27,1.20,2400,-3
24664,118,25.27,1.10,2400,-3
24666,118,25.27,1.10,2400,-3
24669,118,25.27,1.10,2400,-3
24672,118,25.27,1.00,2400,-1
24674,118,25.27,1.10,2414,-1
24677,118,25.27,1.20,2414,-1
24679,118,25.26,1.30,2414,-1
24682,118,25.26,1.20,2414,-1
24685,118,25.27,1.20,2414,0
24687,118,25.27,1.30,2414,0
24689,118,25.27,1.20,2400,0
24692,118,25.27,1.20,2400,0
24695,118,25.27,1.10,2400,0
24697,118,25.27,1.00,2400,0
24700,118,25.26,1.10,2400,0
24702,118,25.27,1.20,2400,0
24705,118,25.26,1.10,2400,0
24707,118,25.26,1.10,2400,0
24710,118,25.27,1.20,2400,0
24712,118,25.26,1.20,2400,0
24715,118,25.26,1.20,2400,0
24717,118,25.27,1.20,2400,0
24720,118,25.27,1.20,2400,0
24722,118,25.27,1.20,2400,0
24725,118,25.27,1.10,2414,0
24727,118,25.27,1.30,2414,0
24730,118,25.27,1.20,2414,-1
24732,118,25.27,1.10,2414,-1
24735,118,25.26,1.10,2414,-1
24738,118,25.26,1.10,2414,-1
24740,118,25.26,1.30,2414,-1
24743,118,25.27,1.20,2400,-1
24745,118,25.26,1.30,2400,-1
24748,118,25.26,1.20,2400,-1
24751,118,25.26,1.40,2400,-1
24754,118,25.27,1.40,2400,-1
24756,118,25.27,1.20,2400,-1
24758,118,25.27,1.30,2400,-1
24764,118,25.26,1.20,2400,-1
24766,118,25.27,1.20,2400,-1
24768,118,25.27,1.10,2400,-1
24770,118,25.26,1.10,2400,-1
24772,118,25.26,1.10,2400,-1
24775,118,25.27,1.20,2400,-1
24777,118,25.27,1.10,2400,0
24779,118,25.27,1.10,2385,0
24782,118,25.27,1.00,2385,0
24784,118,25.27,1.10,2385,0
24787,118,25.27,1.30,2385,0
24789,118,25.27,1.20,2385,-1
24792,118,25.27,1.10,2385,-1
24794,118,25.26,1.10,2385,-1
24797,118,25.26,1.30,2385,-1
24800,118,25.26,1.20,2385,-2
24802,118,25.26,1.20,2385,-2
24805,118,25.27,1.10,2385,-2
24807,118,25.27,1.30,2385,-2
24810,118,25.27,1.40,2385,-2
24813,118,25.26,1.30,2385,0
24815,118,25.27,1.20,2385,0
24818,118,25.26,1.20,2385,0
24820,118,25.26,1.10,2385,0
24823,118,25.27,1.10,2385,-1
24825,118,25.26,1.20,2385,-1
24828,118,25.26,1.20,2385,-1
24831,118,25.27,1.10,2385,-1
24834,118,25.27,1.20,2385,-1
24836,118,25.27,1.30,2385,-2
24838,118,25.27,1.20,2385,-2
24841,118,25.27,1.20,2385,-2
24844,118,25.27,1.20,2385,-2
24846,118,25.27,1.10,2385,0
24849,118,25.27,1.00,2400,0
24851,118,25.27,1.30,2400,0
24854,118,25.26,1.30,2400,0
24856,118,25.27,1.20,2400,0
24859,118,25.27,1.30,2400,0
24861,118,25.27,1.20,2400,0
24864,118,25.26,1.20,2371,0
24866,118,25.26,1.10,2371,0
24869,118,25.26,1.20,2371,0
24871,118,25.27,1.20,2371,-1
24874,118,25.26,1.20,2371,-1
24877,118,25.27,1.20,2371,-1
24879,118,25.27,1.20,2371,-1
24882,118,25.26,1.10,2371,-1
24884,118,25.27,1.20,2400,-1
24887,118,25.27,1.20,2400,-1
24890,118,25.27,1.20,2400,-1
24892,118,25.27,1.10,2400,-1
24895,118,25.27,1.20,2400,-1
24897,118,25.27,1.00,2400,-1
24900,118,25.27,1.20,2385,-1
24903,118,25.27,1.20,2385,-1
24905,118,25.26,1.20,2385,-1
24908,118,25.26,1.20,2385,-1
24910,118,25.26,1.10,2385,-1
24916,118,25.27,1.20,2385,-1
24917,118,25.26,1.20,2385,-1
24918,118,25.26,1.20,2371,-1
24921,118,25.26,1.30,2371,-1
24923,118,25.27,1.30,2371,-1
24926,118,25.27,1.20,2371,-1
24929,118,25.27,1.10,2371,-2
24931,118,25.27,1.10,2371,-2
24934,118,25.27,1.20,2371,-2
24936,118,25.27,1.20,2371,-2
24939,118,25.27,1.10,2371,-2
24942,118,25.27,1.10,2371,-2
24944,118,25.26,1.10,2371,-2
24947,118,25.27,1.00,2371,-2
24949,118,25.27,1.10,2371,-2
24952,118,25.27,1.10,2371,-1
24955,118,25.26,1.20,2371,-1
24957,118,25.26,1.10,2371,-1
24960,118,25.27,1.10,2371,-1
24962,118,25.27,1.30,2371,-1
24965,118,25.27,1.20,2371,-1
24968,118,25.26,1.30,2371,-1
24970,118,25.26,1.30,2371,-1
24976,118,25.27,1.50,2385,-1
24977,118,25.27,1.60,2385,-1
24979,118,25.27,1.50,2385,-1
24981,118,25.27,1.50,2385,-1
24983,118,25.27,1.40,2385,-1
24986,118,25.27,1.30,2357,-1
24988,118,25.27,1.30,2357,-1
24991,118,25.26,1.40,2357,-1
24994,118,25.26,1.40,2357,-1
24996,118,25.27,1.30,2357,-1
24999,118,25.26,1.30,2357,-1
25002,118,25.26,1.30,2357,-1
25004,118,25.26,1.20,2357,-1
25007,118,25.26,1.20,2357,-1
25009,118,25.27,1.20,2357,0
25012,118,25.27,1.20,2357,0
25014,118,25.27,1.20,2357,0
25017,118,25.27,1.10,2357,0
25019,118,25.27,1.30,2357,0
25022,118,25.27,1.30,2357,-1
25025,118,25.27,1.20,2371,-1
25027,118,25.27,1.10,2371,-1
25030,118,25.26,1.20,2371,-1
25032,118,25.27,1.40,2371,-1
25035,118,25.27,1.50,2371,-3
25038,118,25.27,1.30,2371,-3
25040,118,25.27,1.40,2371,-3
25043,118,25.27,1.60,2371,-3
25045,118,25.27,1.60,2371,-5
25048,118,25.27,1.60,2371,-5
25051,118,25.27,1.50,2371,-5
25054,118,25.27,1.40,2371,-5
25056,118,25.27,1.60,2357,-5
25058,118,25.27,1.50,2357,-4
25061,118,25.27,1.40,2357,-4
25064,118,25.27,1.40,2357,-4
25066,118,25.27,1.40,2357,-4
25069,118,25.26,1.50,2357,-1
25071,118,25.26,1.40,2357,-1
25074,118,25.26,1.40,2357,-1
25077,118,25.26,1.40,2371,-1
25079,118,25.26,1.20,2371,-1
25082,118,25.27,1.30,2371,-1
25084,118,25.27,1.30,2371,-1
25087,118,25.27,1.30,2371,-1
25090,118,25.27,1.20,2371,-1
25092,118,25.27,1.30,2371,-1
25095,118,25.27,1.40,2371,-1
25097,118,25.27,1.30,2371,-1
25100,118,25.27,1.20,2371,-1
25103,118,25.27,1.20,2371,-1
25105,118,25.27,1.40,2371,-1
25108,118,25.27,1.30,2371,-1
25110,118,25.27,1.30,2357,-1
25114,118,25.27,1.20,2357,-1
25116,118,25.27,1.20,2357,-1
25118,118,25.26,1.40,2357,-1
25121,118,25.27,1.30,2357,-1
25123,118,25.27,1.20,2357,-1
25126,118,25.27,1.30,2371,-2
25129,118,25.27,1.20,2371,-2
25131,118,25.27,1.30,2371,-2
25134,118,25.27,1.20,2371,-2
25137,118,25.26,1.20,2371,-2
25139,118,25.26,1.30,2371,0
25142,118,25.27,1.30,2371,0
25144,118,25.27,1.30,2371,0
25147,118,25.27,1.20,2371,0
25149,118,25.27,1.20,2371,0
25152,118,25.27,1.30,2371,0
25154,118,25.27,1.30,2371,0
25157,118,25.27,1.30,2371,0
25159,118,25.27,1.20,2371,0
25162,118,25.27,1.30,2371,0
25164,118,25.27,1.20,2357,0
25167,118,25.27,1.30,2357,0
25169,118,25.27,1.40,2357,0
25172,118,25.27,1.30,2357,0
25174,118,25.27,1.20,2357,0
25177,118,25.27,1.20,2357,0
25179,118,25.27,1.20,2342,0
25182,118,25.27,1.30,2342,0
25185,118,25.27,1.40,2342,-1
25187,118,25.27,1.20,2342,-1
25190,118,25.27,1.10,2342,-1
25192,118,25.27,1.40,2342,-1
25195,118,25.27,1.50,2342,-1
25198,118,25.27,1.30,2357,0
25200,118,25.27,1.30,2357,0
25202,118,25.27,1.30,2357,0
25205,118,25.27,1.40,2357,0
25208,118,25.27,1.40,2357,0
25210,118,25.27,1.20,2357,0
25213,118,25.27,1.30,2357,0
25215,118,25.27,1.30,2357,0
25218,118,25.27,1.40,2357,0
25220,118,25.27,1.30,2357,-1
25223,118,25.27,1.30,2357,-1
25225,118,25.27,1.30,2357,-1
25228,118,25.27,1.30,2357,-1
25231,118,25.27,1.40,2357,-1
25234,118,25.27,1.40,2357,-2
25236,118,25.27,1.30,2342,-2
25238,118,25.27,1.40,2342,-2
25241,118,25.27,1.30,2342,-2
25244,118,25.27,1.20,2342,-2
25246,118,25.27,1.40,2342,-2
25249,118,25.27,1.30,2342,-2
25251,118,25.27,1.30,2342,-2
25254,118,25.27,1.30,2357,-2
25257,118,25.27,1.20,2357,-2
25259,118,25.27,1.30,2357,-2
25262,118,25.27,1.20,2357,-2
25264,118,25.27,1.10,2357,-2
25267,118,25.27,1.20,2357,0
25269,118,25.27,1.20,2357,0
25272,118,25.27,1.30,2357,0
25275,118,25.27,1.20,2357,0
25277,118,25.27,1.10,2357,0
25280,118,25.26,1.40,2357,-1
25282,118,25.27,1.50,2357,-1
25285,118,25.27,1.30,2357,-1
25287,118,25.27,1.30,2357,-1
25290,118,25.27,1.40,2357,-3
25293,118,25.27,1.30,2357,-3
25295,118,25.27,1.30,2357,-3
25298,118,25.27,1.30,2357,-3
25300,118,25.27,1.20,2357,-3
25303,118,25.27,1.40,2357,-2
25306,118,25.27,1.30,2342,-2
25308,118,25.27,1.30,2342,-2
25311,118,25.27,1.20,2342,-2
25314,118,25.27,1.10,2342,-1
25316,118,25.27,1.20,2342,-1
25319,118,25.27,1.20,2342,-1
25321,118,25.27,1.30,2342,-1
25324,118,25.27,1.40,2342,-1
25327,118,25.27,1.20,2328,-1
25329,118,25.27,1.20,2328,-1
25332,118,25.27,1.30,2328,-1
25334,118,25.27,1.30,2328,-1
25337,118,25.27,1.20,2328,-2
25339,118,25.27,1.20,2328,-2
25342,118,25.27,1.10,2328,-2
25345,118,25.27,1.30,2328,-2
25347,118,25.27,1.30,2328,-2
25350,118,25.27,1.20,2328,-1
25352,118,25.27,1.30,2328,-1
25355,118,25.27,1.50,2328,-1
25358,118,25.27,1.50,2328,-1
25360,118,25.27,1.50,2342,-2
25363,118,25.27,1.40,2342,-2
25365,118,25.27,1.70,2342,-2
25368,118,25.27,1.60,2342,-2
25371,118,25.27,1.60,2342,-2
25374,118,25.27,1.50,2342,-3
25376,118,25.27,1.50,2342,-3
25379,118,25.27,1.60,2342,-3
25381,118,25.27,1.70,2342,-3
25384,118,25.27,1.60,2342,-1
25386,118,25.27,1.50,2342,-1
25389,118,25.27,1.40,2342,-1
25392,118,25.27,1.30,2342,-1
25394,118,25.27,1.30,2342,-1
25397,118,25.27,1.30,2342,-1
25399,118,25.27,1.30,2342,-1
25402,118,25.27,1.30,2342,-1
25405,118,25.27,1.30,2342,-1
25407,118,25.27,1.20,2342,-2
25410,118,25.27,1.20,2342,-2
25412,118,25.27,1.20,2342,-2
25415,118,25.27,1.30,2342,-2
25418,118,25.27,1.30,2357,-2
25420,118,25.27,1.20,2357,-1
25423,118,25.27,1.40,2357,-1
25425,118,25.27,1.30,2357,-1
25428,118,25.27,1.30,2357,-1
25431,118,25.27,1.20,2357,0
25434,118,25.27,1.30,2357,0
25436,118,25.27,1.50,2342,0
25438,118,25.27,1.50,2342,0
25441,118,25.27,1.40,2342,0
25443,118,25.27,1.50,2342,1
25446,118,25.27,1.40,2342,1
25448,118,25.27,1.30,2342,1
25451,118,25.27,1.30,2328,1
25454,118,25.27,1.30,2328,0
25456,118,25.27,1.50,2328,0
25458,118,25.27,1.40,2328,0
25461,118,25.27,1.30,2328,0
25463,118,25.27,1.40,2328,0
25466,118,25.27,1.60,2328,-1
25468,118,25.27,1.50,2328,-1
25471,118,25.27,1.40,2328,-1
25474,118,25.27,1.30,2328,-1
25476,118,25.27,1.50,2328,-3
25479,118,25.27,1.60,2328,-3
25481,118,25.26,1.50,2328,-3
25484,118,25.27,1.40,2328,-3
25487,118,25.27,1.60,2328,-3
25489,118,25.27,1.50,2328,-3
25492,118,25.27,1.40,2328,-3
25494,118,25.27,1.40,2328,-3
25497,118,25.27,1.30,2328,-3
25500,118,25.27,1.30,2328,-1
25502,118,25.27,1.30,2328,-1
25505,118,25.27,1.30,2328,-1
25508,118,25.27,1.30,2328,-1
25510,118,25.27,1.20,2328,-1
25517,118,25.27,1.40,2328,0
25519,118,25.27,1.40,2328,0
25521,118,25.27,1.40,2328,0
25523,118,25.27,1.30,2328,0
25525,118,25.27,1.30,2328,0
25527,118,25.27,1.20,2328,0
25529,118,25.27,1.30,2328,0
25531,118,25.27,1.20,2328,0
25537,118,25.27,1.30,2328,0
25539,118,25.27,1.20,2328,0
25541,118,25.27,1.20,2328,0
25543,118,25.27,1.40,2314,0
25545,118,25.27,1.30,2314,0
25547,118,25.27,1.40,2314,0
25549,118,25.27,1.30,2314,0
25551,118,25.27,1.30,2314,0
25557,118,25.27,1.40,2328,0
25559,118,25.27,1.30,2328,0
25561,118,25.27,1.50,2328,0
25563,118,25.27,1.40,2328,0
25565,118,25.27,1.50,2328,0
25567,118,25.27,1.40,2328,0
25569,118,25.27,1.30,2328,0
25571,118,25.27,1.30,2328,0
25574,118,25.27,1.50,2328,0
25576,118,25.27,1.40,2328,0
25578,118,25.27,1.40,2328,0
25581,118,25.27,1.30,2328,0
25583,118,25.28,1.30,2328,-1
25586,118,25.28,1.50,2328,-1
25588,118,25.27,1.40,2328,-1
25591,118,25.27,1.30,2328,-1
25594,118,25.27,1.40,2314,-2
25596,118,25.28,1.50,2314,-2
25599,118,25.27,1.60,2314,-2
25601,118,25.27,1.50,2314,-2
25604,118,25.27,1.40,2314,-2
25607,118,25.27,1.50,2314,-1
25609,118,25.27,1.60,2314,-1
25612,118,25.28,1.60,2314,-1
25614,118,25.28,1.60,2314,-1
25617,118,25.27,1.50,2314,-1
25620,118,25.27,1.70,2314,-1
25622,118,25.27,1.70,2314,-1
25625,118,25.27,1.60,2314,-1
25627,118,25.27,1.50,2314,-1
25630,118,25.27,1.50,2314,0
25633,118,25.27,1.70,2314,0
25635,118,25.27,1.60,2314,0
25638,118,25.27,1.50,2314,0
25640,118,25.27,1.50,2314,0
25643,118,25.27,1.50,2314,0
25645,118,25.27,1.50,2314,0
25648,118,25.27,1.40,2314,0
25650,118,25.27,1.50,2314,0
25656,118,25.27,1.20,2328,-1
25657,118,25.27,1.20,2328,-1
25659,118,25.27,1.20,2328,-1
25661,118,25.27,1.20,2328,-1
25663,118,25.27,1.30,2328,-3
25666,118,25.27,1.20,2328,-3
25668,118,25.27,1.20,2328,-3
25671,118,25.27,1.20,2300,-3
25674,118,25.27,1.20,2300,-3
25676,118,25.27,1.10,2300,-2
25679,118,25.27,1.20,2300,-2
25681,118,25.27,1.20,2300,-2
25684,118,25.27,1.20,2300,-2
25687,118,25.27,1.20,2300,-1
25689,118,25.27,1.20,2300,-1
25692,118,25.27,1.20,2314,-1
25694,118,25.27,1.20,2314,-1
25697,118,25.27,1.10,2314,-1
25700,118,25.27,1.10,2314,-1
25702,118,25.27,1.10,2314,-1
25705,118,25.27,1.10,2314,-1
25707,118,25.27,1.20,2314,-1
25710,118,25.27,1.20,2314,-1
25713,118,25.27,1.10,2314,-1
25715,118,25.28,1.10,2314,-1
25718,118,25.27,1.30,2314,-1
25720,118,25.27,1.20,2314,-1
25723,118,25.27,1.10,2314,0
25726,118,25.27,1.30,2314,0
25728,118,25.27,1.40,2314,0
25731,118,25.27,1.40,2314,0
25734,118,25.27,1.30,2314,-1
25736,118,25.27,1.40,2314,-1
25738,118,25.28,1.40,2314,-1
25741,118,25.27,1.20,2314,-1
25744,118,25.27,1.20,2314,-1
25746,118,25.27,1.10,2314,-2
25749,118,25.27,1.40,2314,-2
25751,118,25.28,1.30,2314,-2
25754,118,25.27,1.30,2314,-2
25757,118,25.27,1.20,2314,-2
25759,118,25.27,1.20,2314,-2
25762,118,25.27,1.20,2314,-2
25764,118,25.27,1.30,2314,-2
25767,118,25.27,1.20,2314,-2
25770,118,25.27,1.30,2314,-2
25772,118,25.27,1.10,2314,-2
25775,118,25.27,1.20,2314,-2
25777,118,25.27,1.10,2314,-2
25780,118,25.27,1.00,2314,-1
25783,118,25.28,1.00,2314,-1
25785,118,25.28,1.00,2314,-1
25788,118,25.28,1.20,2314,-1
25790,118,25.27,1.30,2314,-1
25794,118,25.27,1.20,2314,-1
25796,118,25.28,1.10,2314,-1
25798,118,25.28,1.20,2371,-1
25801,118,25.27,1.30,2371,-1
25804,118,25.28,1.20,2371,-1
25806,118,25.28,1.20,2371,-1
25809,118,25.27,1.30,2371,-1
25811,118,25.27,1.40,2371,-1
25814,118,25.27,1.40,2371,-1
25817,118,25.28,1.30,2371,0
25819,118,25.28,1.30,2371,0
25821,118,25.27,1.40,2371,0
25824,118,25.27,1.50,2371,0
25827,118,25.27,1.40,2371,0
25829,118,25.27,1.30,2371,0
25832,118,25.27,1.30,2371,0
25834,118,25.27,1.30,2371,0
25837,118,25.27,1.30,2371,0
25839,118,25.27,1.20,2371,-1
25842,118,25.27,1.20,2371,-1
25844,118,25.27,1.30,2371,-1
25847,118,25.27,1.20,2385,-1
25850,118,25.27,1.10,2385,-1
25852,118,25.27,1.20,2385,-1
25855,118,25.27,1.10,2385,-1
25857,118,25.27,1.10,2385,-1
25860,118,25.27,1.00,2385,-1
25863,118,25.27,1.10,2385,-1
25865,118,25.27,1.20,2385,-1
25868,118,25.27,1.10,2371,-1
25870,118,25.27,1.00,2371,-1
25876,118,25.27,1.40,2371,-1
25877,118,25.27,1.30,2371,-1
25879,118,25.27,1.20,2371,-1
25881,118,25.27,1.30,2371,-1
25883,118,25.27,1.20,2371,-1
25886,118,25.27,1.40,2371,-2
25889,118,25.27,1.40,2371,-2
25891,118,25.28,1.30,2371,-2
25894,118,25.27,1.30,2371,-2
25897,118,25.27,1.20,2371,-1
25899,118,25.27,1.20,2371,-1
25902,118,25.27,1.10,2371,-1
25904,118,25.28,1.10,2371,-1
25907,118,25.28,1.20,2371,-1
25910,118,25.28,1.20,2371,0
25912,118,25.28,1.10,2371,0
25914,118,25.27,1.20,2357,0
25917,118,25.27,1.30,2357,0
25919,118,25.27,1.20,2357,0
25922,118,25.27,1.20,2357,-1
25925,118,25.27,1.10,2357,-1
25927,118,25.28,1.40,2357,-1
25930,118,25.28,1.30,2357,-1
25933,118,25.27,1.30,2357,-2
25935,118,25.27,1.20,2371,-2
25938,118,25.27,1.20,2371,-2
25940,118,25.28,1.60,2371,-2
25943,118,25.27,1.50,2371,-2
25946,118,25.27,1.40,2371,-4
25948,118,25.27,1.40,2371,-4
25951,118,25.27,1.50,2357,-4
25954,118,25.27,1.40,2357,-4
25956,118,25.27,1.30,2357,-3
25958,118,25.27,1.30,2357,-3
25961,118,25.27,1.30,2357,-3
25964,118,25.28,1.40,2357,-3
25966,118,25.27,1.30,2357,-3
25969,118,25.27,1.30,2357,-1
25971,118,25.27,1.30,2357,-1
25974,118,25.27,1.40,2357,-1
25977,118,25.28,1.40,2357,-1
25979,118,25.28,1.40,2357,-1
25982,118,25.28,1.30,2357,-1
25984,118,25.28,1.30,2357,-1
25987,118,25.27,1.40,2357,-1
25990,118,25.27,1.30,2357,-1
25992,118,25.27,1.30,2357,-1
25995,118,25.27,1.40,2357,-1
25998,118,25.27,1.30,2357,-1

